0,2.0820049999999997
16,2.1780275000000002
32,2.2837750000000003
48,2.3859924999999995
64,2.5528050000000002
80,2.639535
96,2.7435224999999996
112,2.8439599999999996
128,2.9346724999999996
144,3.0364474999999995
160,3.1382124999999998
176,3.2404299999999999
192,3.3430900000000001
208,3.4422000000000001
224,3.5337975000000004
240,3.6258375000000003
242,3.6369000000000002
244,3.6470775
246,3.6545999999999994
248,3.6652200000000006
250,3.6758400000000004
252,3.6860175000000002
254,3.6935399999999996
