0,0.50570563636363641
16,0.51541909090909099
32,0.52709945454545459
48,0.53977863636363643
64,0.55627036363636362
80,0.57648418181818184
96,0.60365772727272737
112,0.64372227272727267
128,0.71008272727272737
144,0.79626381818181813
160,0.88308036363636366
176,0.96708281818181807
192,1.0496009090909093
208,1.1270672727272728
224,1.199540909090909
240,1.2691400000000002
242,1.2782481818181817
244,1.2872363636363637
246,1.2970100000000002
248,1.3070563636363637
250,1.3164972727272728
252,1.3268772727272726
254,1.3376790909090908
