0,2.1334699999999995
16,2.2402699999999998
32,2.3435700000000002
48,2.4464324999999998
64,2.5488537499999997
80,2.6525874999999997
96,2.7550100000000004
112,2.8574350000000002
128,2.9554850000000004
144,3.0570325000000005
160,3.1598887499999999
176,3.2557500000000004
192,3.3551112500000002
208,3.44834
224,3.5376300000000001
240,3.6216700000000008
242,3.6321799999999991
244,3.6413674999999999
246,3.6496900000000001
248,3.6601900000000001
250,3.6707000000000001
252,3.6807625000000002
254,3.688200000000001
