1,1.4399575000000002
17,1.6156300000000001
33,1.9209450000000001
49,2.3147500000000001
65,2.5855499999999996
81,2.8957325000000003
97,3.2152075000000004
113,3.5532675
129,3.6559274999999998
145,3.9948624999999995
161,4.271867499999999
177,4.4993025000000006
193,4.6891250000000007
209,4.8842575000000004
225,5.0732049999999989
241,5.2630274999999997
243,5.2860374999999999
245,5.3072774999999996
247,5.3320574999999995
249,5.3541825000000012
251,5.3771925000000005
253,5.3971049999999998
255,5.4210000000000003
