0,2.2100687500000005
16,2.3085500000000003
32,2.4074750000000003
48,2.5064000000000002
64,2.6057524999999999
80,2.7055524999999996
96,2.8040399999999996
112,2.9038299999999997
128,3.0005675000000003
144,3.0986137500000002
160,3.1944699999999995
176,3.2912075000000005
192,3.3835599999999997
208,3.4732875000000001
224,3.5595150000000002
240,3.6422424999999996
242,3.6496900000000001
244,3.6601900000000001
246,3.6707000000000001
248,3.6785750000000008
250,3.688200000000001
252,3.6982724999999999
254,3.7057099999999998
