0,0.502498
16,0.51184836363636355
32,0.52331699999999992
48,0.53542109090909085
64,0.55082354545454537
80,0.57037154545454538
96,0.5963348181818181
112,0.63394827272727283
128,0.69483172727272735
144,0.78113381818181804
160,0.86982636363636356
176,0.95531145454545452
192,1.0386481818181819
208,1.1169009090909092
224,1.1899790909090908
240,1.2597890909090907
242,1.2684136363636365
244,1.2777336363636362
246,1.2873872727272728
248,1.2970700000000002
250,1.3067227272727271
252,1.3176163636363634
254,1.3276927272727272
