0,2.2875424999999998
16,2.3702674999999997
32,2.4656925000000003
48,2.5611074999999999
64,2.6587200000000002
80,2.7558850000000001
96,2.8534974999999996
112,2.9506662499999994
128,3.0460875000000001
144,3.1428250000000002
160,3.2382399999999998
176,3.3345400000000001
192,3.4260174999999999
208,3.5148700000000002
224,3.6006600000000004
240,3.6803250000000003
242,3.688200000000001
244,3.6982724999999994
246,3.7070225000000003
248,3.7162199999999999
250,3.7267199999999998
252,3.733719999999999
254,3.7442300000000008
