1,1.5351275000000002
17,1.6725625000000002
33,1.8104449999999999
49,1.9461300000000004
65,2.0787562499999996
81,2.2135724999999997
97,2.3475074999999999
113,2.4836387499999995
129,2.6175749999999995
145,2.7545737500000005
161,2.8920175000000001
177,3.0281399999999996
193,3.1620824999999999
209,3.2925200000000001
225,3.4150700000000001
241,3.5306299999999995
243,3.5446400000000002
245,3.55864
247,3.5726499999999999
249,3.5844662499999997
251,3.5971599999999997
253,3.6107325000000001
255,3.6216700000000008
