1,1.5399399999999999
17,1.6751912500000001
33,1.8148200000000001
49,1.95007
65,2.0862000000000003
81,2.2196975000000001
97,2.3558250000000003
113,2.4910774999999998
129,2.6223874999999999
145,2.7607062499999997
161,2.8981425000000001
177,3.0325150000000001
193,3.1686475000000001
209,3.2986449999999996
225,3.4242675000000005
241,3.5398174999999998
243,3.554265
245,3.5669625000000007
247,3.5814000000000004
249,3.5936599999999999
251,3.6076699999999997
253,3.6181699999999997
255,3.6321799999999991
