1,1.4001325000000002
17,1.5700524999999999
33,1.867845
49,2.2532424999999998
65,2.5351049999999997
81,2.8523674999999993
97,3.1718424999999995
113,3.5076900000000002
129,3.6156599999999997
145,3.9577024999999995
161,4.2431049999999999
177,4.4709824999999999
193,4.6692125000000004
209,4.8630224999999996
225,5.0550625000000009
241,5.244885
243,5.2678950000000002
245,5.2913474999999996
247,5.3134724999999987
249,5.3382524999999985
251,5.3603775000000002
253,5.3816175000000008
255,5.4046275000000001
