0,2.2258237500000004
16,2.3243099999999997
32,2.4241100000000002
48,2.5243375000000001
64,2.6245749999999997
80,2.7243749999999998
96,2.8250500000000001
112,2.9248400000000001
128,3.0207025000000001
144,3.1191849999999999
160,3.2167924999999999
176,3.3135300000000001
192,3.4098199999999994
208,3.4986725000000005
224,3.5866600000000011
240,3.6680675000000007
242,3.6777000000000006
244,3.6855749999999996
246,3.6969599999999998
248,3.7057099999999998
250,3.7162199999999999
252,3.7249700000000003
254,3.733719999999999
