0,2.3742087500000002
16,2.4490575000000003
32,2.5330962499999998
48,2.6228250000000006
64,2.7164949999999997
80,2.8057887500000001
96,2.8994550000000006
112,2.9913737500000002
128,3.0815450000000002
144,3.1752099999999994
160,3.2640649999999996
176,3.3529187499999997
192,3.4391487500000002
208,3.5218749999999992
224,3.6019725000000005
240,3.6728874999999999
242,3.6820750000000002
244,3.6759499999999998
246,3.6829499999999999
248,3.7030850000000006
250,3.7113974999999995
252,3.7205949999999994
254,3.7149037500000004
