1,1.5377524999999999
17,1.6751912500000001
33,1.8174450000000002
49,1.9579525000000002
65,2.0940750000000001
81,2.2315174999999998
97,2.3702674999999997
113,2.5077125000000002
129,2.6464599999999998
145,2.7856549999999998
161,2.9279024999999996
177,3.0640349999999996
193,3.2027862500000004
209,3.3358525000000001
225,3.4627875000000001
241,3.5796500000000004
243,3.5936599999999999
245,3.6076699999999997
247,3.6181699999999997
249,3.6343674999999998
251,3.6461800000000006
253,3.6601900000000001
255,3.6720125000000001
