1,1.4721862500000003
17,1.6536975
33,1.9575324999999999
49,2.3459824999999999
65,2.6068500000000001
81,2.9194549999999997
97,3.2360037500000001
113,3.5556187499999998
129,3.6630362500000007
145,4.0023850000000003
161,4.2878050000000005
177,4.5144762500000004
193,4.7012462500000005
209,4.8915237500000002
225,5.0804899999999993
241,5.2571812500000004
243,5.2773437500000009
245,5.2983937499999998
247,5.3181174999999996
249,5.3317100000000002
251,5.3229437500000003
253,5.3387287499999996
255,5.3409224999999996
