0,0.41770562500000002
16,0.43870700000000001
32,0.45454199999999995
48,0.44895599999999997
64,0.47743337499999999
80,0.488774125
96,0.49473862499999999
112,0.51809200000000011
128,0.53510299999999988
144,0.55665074999999997
160,0.60944799999999999
176,0.75204750000000009
192,1.0155324999999999
208,1.3321900000000002
224,1.6549387499999999
240,1.9807125000000001
242,2.0152787499999998
244,2.0553487500000003
246,2.1010912499999996
248,2.1449012500000002
250,2.1907249999999996
252,2.2189925000000001
254,2.2712012499999998
