0,0.62813136363636357
16,0.64481018181818184
32,0.66518599999999994
48,0.69008154545454548
64,0.72475345454545448
80,0.7746068181818182
96,0.86356100000000002
112,1.0059127272727273
128,1.1577936363636365
144,1.3118445454545453
160,1.4653145454545453
176,1.6189690909090912
192,1.7737227272727274
208,1.9286572727272726
224,2.081365454545455
240,2.23447
242,2.2531954545454544
244,2.2725009090909087
246,2.2909509090909093
248,2.3100127272727273
250,2.3281881818181818
252,2.3477699999999997
254,2.3665854545454548
