0,2.1317200000000001
16,2.2354575000000003
32,2.3391950000000001
48,2.4464324999999998
64,2.5514812499999997
80,2.6574075000000001
96,2.7628949999999999
112,2.8688199999999999
128,2.9725537499999999
144,3.0802325000000002
160,3.1844062499999999
176,3.2877037499999995
192,3.3874974999999994
208,3.4846724999999998
224,3.5783374999999999
240,3.6636899999999994
242,3.6741999999999995
244,3.6846999999999999
246,3.69171
248,3.7043975000000002
250,3.7127100000000004
252,3.7232200000000004
254,3.733719999999999
