0,3.8174299999999999
16,3.9457550000000001
32,4.0807074999999999
48,4.2103600000000005
64,4.3320375000000002
80,4.43337
96,4.5501899999999997
112,4.6563799999999995
128,4.7625799999999998
144,4.8652300000000004
160,4.9678899999999997
176,5.0705499999999999
192,5.1727575000000003
208,5.2687799999999996
224,5.3289600000000013
240,5.3643599999999987
242,5.3678999999999997
244,5.3709974999999996
246,5.3745375000000006
248,5.3785200000000009
250,5.3816175000000008
252,5.3816175000000008
254,5.3847149999999999
