0,0.4941764545454545
16,0.5042832727272728
32,0.51659918181818176
48,0.53003490909090911
64,0.5452858181818182
80,0.56640754545454552
96,0.59385345454545457
112,0.6356427272727273
128,0.70554381818181811
144,0.79432718181818196
160,0.88419999999999987
176,0.97083490909090919
192,1.0559872727272728
208,1.1368727272727275
224,1.2124327272727273
240,1.2853590909090908
242,1.2950427272727272
244,1.3047563636363637
246,1.3150136363636364
248,1.3252118181818184
250,1.3359836363636364
252,1.3467572727272727
254,1.3579827272727274
