1,1.6673125
17,1.8012474999999999
33,1.93300125
49,2.0608137500000003
65,2.1890587500000001
81,2.3199350000000001
97,2.4494950000000002
113,2.5799300000000001
129,2.7094900000000002
145,2.8403637499999999
161,2.9707987499999997
177,3.0999287500000001
193,3.2281774999999997
209,3.3529174999999998
225,3.4715375000000002
241,3.5831499999999998
243,3.5971599999999997
245,3.6107325000000001
247,3.6216700000000008
249,3.6352425000000004
251,3.6466187500000005
253,3.6601900000000001
255,3.6707000000000001
