1,1.5250562500000002
17,1.6624999999999999
33,1.8021237499999998
49,1.9400050000000002
65,2.0752525000000004
81,2.2100687500000005
97,2.3453200000000001
113,2.4827612499999994
129,2.6145124999999996
145,2.7532600000000009
161,2.8915800000000003
177,3.0272649999999994
193,3.1642724999999992
209,3.2951449999999998
225,3.4220800000000002
241,3.5376300000000001
243,3.5516399999999995
245,3.5647725000000001
247,3.5787750000000003
249,3.5927850000000001
251,3.6041599999999998
253,3.6172949999999999
255,3.6286799999999997
