0,0.49817072727272732
16,0.50779345454545455
32,0.51883845454545452
48,0.53157800000000011
64,0.54749500000000006
80,0.5672547272727273
96,0.59367181818181824
112,0.63319163636363629
128,0.69719209090909073
144,0.78113381818181804
160,0.86565045454545453
176,0.94708063636363637
192,1.02603
208,1.0990472727272727
224,1.1661954545454547
240,1.2331300000000001
242,1.2423290909090907
244,1.2518000000000002
246,1.2614527272727272
248,1.2713490909090908
250,1.2816081818181817
252,1.2923499999999999
254,1.302940909090909
