1,1.451905
17,1.6213825000000002
33,1.9328924999999999
49,2.3094399999999999
65,2.5886475000000004
81,2.9045824999999996
97,3.2253849999999997
113,3.5607900000000003
129,3.6678749999999996
145,4.0063675000000014
161,4.28071
177,4.5081524999999996
193,4.6993024999999999
209,4.8904524999999994
225,5.0789574999999996
241,5.2643549999999992
243,5.2838249999999993
245,5.3063924999999994
247,5.3271900000000008
249,5.3462174999999998
251,5.3643599999999987
253,5.3816175000000008
255,5.3966624999999997
