0,2.4629875000000001
16,2.6718374999999996
32,2.8713950000000001
48,3.0802549999999997
64,3.2621124999999997
80,3.48468
96,3.7014949999999995
112,3.9262850000000005
128,3.9944199999999999
144,4.2063775000000003
160,4.4001825000000006
176,4.5802699999999996
192,4.7457650000000005
208,4.9223124999999994
224,5.0984274999999988
240,5.2771875000000001
242,5.2997550000000002
244,5.3223225000000003
246,5.3426774999999997
248,5.3648024999999988
250,5.3878124999999999
252,5.4068400000000008
254,5.426752500000001
