1,3.0882200000000002
17,3.3147700000000002
33,3.5444175000000002
49,3.7714099999999999
65,3.9833637500000001
81,4.1674375000000001
97,4.3280549999999991
113,4.4652299999999991
129,4.5882350000000001
145,4.7125775000000001
161,4.8302825
177,4.9431099999999999
193,5.0546199999999999
209,5.1382525000000001
225,5.1802799999999998
241,5.2081574999999996
243,5.2081574999999996
245,5.2116974999999988
247,5.2147949999999996
249,5.2152374999999997
251,5.2178925000000005
253,5.2187774999999998
255,5.2223175000000008
