0,3.6355725000000003
16,3.7696399999999999
32,3.9205325000000002
48,4.0665475000000004
64,4.2037224999999996
80,4.3391174999999995
96,4.4616899999999999
112,4.5793849999999994
128,4.6908950000000003
144,4.8077149999999991
160,4.9183300000000001
176,5.0316099999999997
192,5.1413500000000001
208,5.2550625000000002
224,5.34666
240,5.3993175000000004
242,5.4063975000000006
244,5.4094950000000015
246,5.4134774999999999
248,5.4174599999999993
250,5.4227699999999999
252,5.4258675000000007
254,5.4285225000000006
