0,0.50056136363636383
16,0.51006299999999993
32,0.52095672727272735
48,0.53369618181818179
64,0.54988545454545457
80,0.56931254545454546
96,0.59572963636363641
112,0.63385745454545461
128,0.69670790909090907
144,0.78204154545454541
160,0.86961454545454542
176,0.95358654545454524
192,1.0354400000000001
208,1.1126954545454546
224,1.1842600000000001
240,1.2523454545454544
242,1.2619072727272729
244,1.2707736363636364
246,1.2803363636363638
248,1.2895363636363637
250,1.2995818181818182
252,1.3092045454545453
254,1.3194618181818181
