1,1.6458650000000001
17,1.7771750000000002
33,1.9124287499999999
49,2.0419925000000001
65,2.1711149999999999
81,2.3011125000000003
97,2.4332975000000001
113,2.5624200000000004
129,2.6946087499999996
145,2.8254874999999999
161,2.9576725000000001
177,3.0872325000000003
193,3.2172299999999998
209,3.3415400000000002
225,3.4632250000000004
241,3.5752749999999995
243,3.5879725000000002
245,3.6032850000000001
247,3.6142325
249,3.6251700000000002
251,3.6391800000000001
253,3.6518774999999999
255,3.6636899999999994
