0,0.60424654545454548
16,0.61012018181818173
32,0.61729509090909085
48,0.62695309090909079
64,0.63639854545454544
80,0.65138499999999988
96,0.66824809090909099
112,0.69158990909090912
128,0.6979173636363637
144,0.73624563636363627
160,0.80003445454545452
176,0.96566909090909092
192,1.2263963636363637
208,1.5181554545454545
224,1.8128827272727277
240,2.1148445454545457
242,2.1532636363636359
244,2.1907445454545456
246,2.2295272727272728
248,2.26728
250,2.303519090909091
252,2.3417563636363634
254,2.3817490909090906
