0,2.3238725000000002
16,2.4057249999999999
32,2.4923899999999999
48,2.5838674999999998
64,2.6762274999999995
80,2.7690200000000003
96,2.8648800000000003
112,2.9563600000000001
128,3.0487124999999997
144,3.1428250000000002
160,3.2343025000000005
176,3.3275299999999999
192,3.41638625
208,3.5021812499999996
224,3.5844662499999997
240,3.6601900000000001
242,3.6671900000000006
244,3.6777000000000006
246,3.688200000000001
248,3.6952099999999999
250,3.7022100000000004
252,3.71096
254,3.7197199999999997
