0,2.5125899999999999
16,2.7195287499999998
32,2.9177012499999999
48,3.12200875
64,3.2982575000000005
80,3.5152874999999999
96,3.7318699999999998
112,3.9506475000000005
128,4.0146637499999995
144,4.2286137500000001
160,4.4158287500000002
176,4.5964600000000004
192,4.7582437500000001
208,4.9331750000000003
224,5.1041675
240,5.2716487500000007
242,5.2865537500000004
244,5.2168450000000002
246,5.2624412500000002
248,5.2830462499999999
250,5.3018974999999999
252,5.3150512499999989
254,5.3242599999999998
