1,3.2174200000000002
17,3.4417574999999996
33,3.6692024999999999
49,3.8895575
65,4.0922125000000005
81,4.2665575000000002
97,4.4156699999999995
113,4.5532875000000006
129,4.67408
145,4.7957675000000011
161,4.9077100000000007
177,5.0245299999999995
193,5.1342699999999999
209,5.2400174999999996
225,5.3134724999999987
241,5.3537400000000011
243,5.3581650000000014
245,5.3572800000000012
247,5.3603775000000002
249,5.3643599999999987
251,5.3656874999999991
253,5.3692274999999992
255,5.3714399999999998
