0,2.2144474999999999
16,2.3146812499999996
32,2.4179775000000001
48,2.5186500000000001
64,2.6210750000000003
80,2.7239374999999999
96,2.8254874999999999
112,2.9283399999999995
128,3.0259524999999998
144,3.1266275000000001
160,3.2290524999999994
176,3.3279674999999997
192,3.4255800000000001
208,3.5192449999999997
224,3.6094199999999996
240,3.69171
242,3.7004599999999996
244,3.7105224999999993
246,3.7197199999999997
248,3.7302199999999996
250,3.7385425000000003
252,3.7477300000000002
254,3.7582400000000002
