0,2.3619537499999996
16,2.4538712499999997
32,2.5304687500000003
48,2.6110074999999995
64,2.7016150000000003
80,2.7926549999999999
96,2.886765
112,2.9817450000000001
128,3.0780412500000005
144,3.1743349999999997
160,3.2715099999999997
176,3.3656124999999997
192,3.45796875
208,3.5468275000000005
224,3.6304299999999996
240,3.7087724999999998
242,3.7162199999999999
244,3.7223449999999998
246,3.7310949999999994
248,3.7376675000000001
250,3.7472925000000004
252,3.7547299999999995
254,3.7648024999999996
