0,0.50337563636363636
16,0.51181818181818184
32,0.52371036363636359
48,0.5353907272727273
64,0.55161036363636373
80,0.57015972727272735
96,0.59606245454545459
112,0.63207209090909089
128,0.69135181818181823
144,0.77680654545454564
160,0.86552945454545449
176,0.95086318181818175
192,1.0330190909090911
208,1.1107572727272728
224,1.1828090909090909
240,1.2514372727272729
242,1.2610300000000001
244,1.2699272727272726
246,1.2795800000000002
248,1.2895054545454545
250,1.2996118181818181
252,1.309990909090909
254,1.3202181818181817
