0,2.2100687500000005
16,2.3111775000000003
32,2.4087875000000003
48,2.5094624999999997
64,2.6096937499999999
80,2.7108025000000002
96,2.8088525000000004
112,2.9077712499999997
128,3.0005675000000003
144,3.0999275000000006
160,3.1970949999999996
176,3.2907700000000002
192,3.3839974999999995
208,3.4750374999999996
224,3.5595150000000002
240,3.6391800000000001
242,3.6492512500000003
244,3.6597525000000002
246,3.6689450000000008
248,3.6781375000000005
250,3.6860124999999999
252,3.6956474999999998
254,3.7048350000000001
