1,1.4813962499999997
17,1.6585212499999997
33,1.9711237499999998
49,2.3534362499999997
65,2.6125512499999997
81,2.910685
97,3.2342500000000003
113,3.5683350000000003
129,3.6696124999999995
145,4.0058912500000003
161,4.2825425000000008
177,4.5096524999999996
193,4.6990525000000005
209,4.8906462500000005
225,5.0747912499999996
241,5.2514775
243,5.2668237500000004
245,5.2856787499999998
247,5.3049649999999993
249,5.3133012500000003
251,5.3277687500000006
253,5.3387287499999996
255,5.2712100000000008
