1,1.5148549999999998
17,1.71161875
33,2.0250300000000001
49,2.4040287499999997
65,2.6575700000000002
81,2.9656999999999996
97,3.2760299999999996
113,3.6000100000000002
129,3.6990500000000006
145,4.0243475000000002
161,4.2937400000000006
177,4.5138300000000005
193,4.700029999999999
209,4.8906299999999998
225,5.0768262500000008
241,5.2630200000000009
243,5.2815099999999999
245,5.3026399999999994
247,5.3246499999999992
249,5.3418187499999981
251,5.3642637499999992
253,5.3792299999999997
255,5.3950800000000001
