0,0.46067845454545453
16,0.47081554545454546
32,0.48276836363636361
48,0.4962341818181818
64,0.51296799999999998
80,0.53505800000000003
96,0.56495490909090906
112,0.61010318181818191
128,0.68160799999999988
144,0.7670628181818181
160,0.85209390909090921
176,0.93470409090909101
192,1.0151363636363635
208,1.0897572727272726
224,1.1604445454545453
240,1.2285299999999999
242,1.2376390909090911
244,1.2464736363636362
246,1.2562472727272727
248,1.2656000000000001
250,1.2754954545454544
252,1.2853281818181816
254,1.2957090909090907
