0,2.5642550000000002
16,2.7610162499999999
32,2.9533787500000002
48,3.1589399999999999
64,3.3306125
80,3.5427799999999996
96,3.7584699999999995
112,3.9732799999999995
128,4.0362299999999998
144,4.242677500000001
160,4.4257900000000001
176,4.6045100000000012
192,4.7642899999999999
208,4.9377300000000002
224,5.1089599999999997
240,5.2815099999999999
242,5.2999999999999998
244,5.3171687500000004
246,5.3356499999999993
248,5.352380000000001
250,5.3682299999999996
252,5.3801100000000002
254,5.3994800000000005
