0,0.4980799090909091
16,0.50746063636363636
32,0.51829381818181819
48,0.53139645454545459
64,0.54664763636363645
80,0.56528781818181817
96,0.59203781818181822
112,0.62898563636363647
128,0.68959663636363644
144,0.7756869090909092
160,0.86492418181818198
176,0.95059081818181812
192,1.0341090909090906
208,1.1126645454545456
224,1.1861063636363633
240,1.2559763636363637
242,1.2649645454545455
244,1.2743154545454543
246,1.284089090909091
248,1.2940136363636365
250,1.3040000000000003
252,1.3144090909090911
254,1.3248181818181819
