9473,0.18176509173630301
9479,0.336943412461084
9474,0.41194739288395699
9470,0.48524492668833702
9327,0.626767235873813
9238,0.69501402149751301
9062,0.82653159378014196
8962,0.88982313089704301
8756,1.0115241845444629
8553,1.126788788633861
8459,1.1820362783136451
8250,1.287824018634848
8042,1.3874262909693309
7829,1.480962706216683
7530,1.610188517682988
7329,1.6891732653198659
7177,1.7973256550426571
6936,1.8936587077713889
6668,2.0049507593411131
6448,2.0983555342661182
6246,2.193058644816527
5952,2.3035843871855111
5914,2.4013065753744751
5554,2.5010996114817621
