9754,0.004764043140952
9652,-0.0056070004330179999
9581,-0.011257514977754001
9538,-0.0073036515292530003
9476,0.012377519640307
9435,0.027441811499356001
9359,0.066482282688380995
9318,0.089891232835712001
9242,0.143180760154095
9171,0.20352470236397299
9076,0.26922303634050099
9007,0.33877997465752802
8906,0.410890704279952
8817,0.48442832714807699
8725,0.55843102206946404
8589,0.66857529139824101
8453,0.77582477550195805
8291,0.87864524776682096
8079,1.007182287476184
7870,1.1249384034450489
7503,1.2813816025024971
7021,1.457174298707915
6400,1.6896562470749721
5850,1.91457697347082
