11150,0.19797635510842199
11140,0.27361773233936398
11031,0.41507935503471399
10963,0.481591259984118
10816,0.60764511155902201
10676,0.72599883165287304
10604,0.78278143868847005
10439,0.89232979754840602
10277,0.99730380429941601
10122,1.0983876411225479
9943,1.1960211692300491
9762,1.2904461054889631
9572,1.3817476438409231
9291,1.5127446719654949
9088,1.595908243436269
8802,1.7139169012321209
8737,1.7877814528850391
8482,1.890843584410751
8205,2.012936524582897
8018,2.092557688626334
7744,2.2024606654809591
7495,2.2991397446467881
7441,2.4005955262961192
6925,2.4975611485259859
