12216,-0.033580713743465003
12114,-0.043654636633647999
12011,-0.045934622389067002
11964,-0.039225935358167
11862,-0.012578417732571
11805,0.0064661346622349996
11701,0.053976848765698998
11643,0.081715995620233003
11531,0.14353221607605501
11438,0.21189680170213099
11312,0.28482413119878902
11206,0.36063798966335903
11079,0.43794001825016299
10964,0.51558011652581204
10842,0.59262874202532201
10669,0.70553247747981396
10481,0.813708141237236
10293,0.91607098066596404
10043,1.042653509849756
9768,1.1578502828250441
9328,1.311017960852382
8730,1.485458495627626
8022,1.7204676254915761
7396,1.939610496792896
