9751,0.004764043140952
9627,-0.0056070004330179999
9556,-0.011257514977754001
9520,-0.0073036515292530003
9443,0.012377519640307
9408,0.027441811499356001
9339,0.066482282688380995
9301,0.089891232835712001
9221,0.143180760154095
9137,0.20352470236397299
9058,0.26922303634050099
8975,0.33877997465752802
8887,0.410890704279952
8811,0.48442832714807699
8712,0.55843102206946404
8561,0.66857529139824101
8418,0.77582477550195805
8271,0.87864524776682096
8056,1.007182287476184
7839,1.1249384034450489
7487,1.2813816025024971
7001,1.457174298707915
6383,1.6896562470749721
5818,1.91457697347082
