5012,0.046006557998614001
4973,0.113050505358177
4947,0.24869998578110999
4904,0.316711905782249
4807,0.45183103183663598
4757,0.51850217095490403
4646,0.649148930007722
4603,0.71281990625315605
4488,0.83623689997228001
4383,0.95379101371464803
4274,1.064934661625814
4152,1.1693273924203369
4036,1.2668045583762559
3914,1.3573486830713251
3807,1.441063420429112
3631,1.55429203045792
3565,1.653606631977103
3429,1.7402381916771801
3283,1.8383840394957061
3156,1.9197257663910929
3007,2.0170338537672441
2844,2.1141265853439419
2795,2.2239224948401648
2626,2.3064560752872301
