6182,0.24090079073676601
5998,0.27902857174587298
5990,0.37546117387572697
5993,0.43111473750266999
5991,0.55160718949476195
5980,0.614514865995615
5988,0.74160209488171502
5978,0.80444419279155399
5983,0.92601403068172405
5981,1.039357303077389
5983,1.1420966929308669
5985,1.232751420904034
5981,1.3105886954023269
5973,1.3754886883224391
5977,1.4278224824600341
5983,1.484487295454793
5980,1.518281319762312
5974,1.5336589315708
5981,1.5337095606911959
5978,1.520236533925454
5981,1.494255635093358
5967,1.4784092370442239
5972,1.5161121916215869
5974,1.5523079459819471
