9752,0.004764043140952
9646,-0.0056070004330179999
9572,-0.011257514977754001
9531,-0.0073036515292530003
9472,0.012377519640307
9416,0.027441811499356001
9346,0.066482282688380995
9305,0.089891232835712001
9246,0.143180760154095
9151,0.20352470236397299
9064,0.26922303634050099
8991,0.33877997465752802
8902,0.410890704279952
8807,0.48442832714807699
8717,0.55843102206946404
8593,0.66857529139824101
8443,0.77582477550195805
8295,0.87864524776682096
8086,1.007182287476184
7852,1.1249384034450489
7523,1.2813816025024971
7023,1.457174298707915
6414,1.6896562470749721
5858,1.91457697347082
