12043,0.0076675257043960004
11942,-0.002071487060941
11861,-0.011029361132223
11819,-0.010494257217607
11759,-6.5122407947999997e-05
11723,0.0095440990604719993
11654,0.036808798269599
11602,0.054158462143051998
11529,0.095516409205585004
11441,0.144714050980745
11361,0.20051772024758499
11279,0.26172513096627598
11192,0.32718188198061998
11106,0.39579535686316097
11016,0.46654615742083499
10865,0.57465424596688297
10718,0.682702801450358
10568,0.78839381585056001
10373,0.92260311328824096
10147,1.046542910779491
9805,1.2102757732034231
9304,1.3885602990261281
8705,1.61161663974893
8135,1.834576401001226
