11659,0.181104913178184
11663,0.33677152731826798
11674,0.41194867984963202
11641,0.48538007650225401
11489,0.62707263956487902
11396,0.69536470016027097
11223,0.826911694921034
11122,0.890193507276136
10935,1.0118387034840111
10748,1.127011661643516
10634,1.1822036217884639
10431,1.2878661932191029
10214,1.3873292284481591
9995,1.480715788663483
9679,1.6096996620243511
9443,1.6885112940370961
9276,1.79638309137115
9010,1.89240529947147
8688,2.003226748008371
8431,2.0960907531156252
8110,2.2061953128092311
7810,2.2991874230390308
7728,2.40206133681624
7296,2.4998299356735969
