9097,0.056338469620044997
8957,0.11901706673642699
8774,0.24706936908208199
8697,0.31183680123361102
8528,0.44152782878340902
8434,0.50599115747549805
8254,0.63316374941494302
8168,0.69553660617025903
7963,0.81714975034259596
7792,0.93383611890255502
7597,1.0448998531891109
7384,1.1498518139445639
7170,1.24838203729203
6966,1.340334322105575
6754,1.4256828709916849
6465,1.541530717560555
6319,1.643368345735903
6086,1.732159990627413
5819,1.832308100510684
5595,1.914453296377177
5331,2.0107784481225188
5056,2.10390876349945
4973,2.2092360914346632
4667,2.3021662338963478
