7696,0.10260623880783599
7651,0.15660453928458701
7591,0.27140133397952398
7515,0.331329077279225
7366,0.45431452669372702
7279,0.51669349895481398
7111,0.64174119598192503
7023,0.70389649538410903
6853,0.82636931216024201
6685,0.94518455745587104
6507,1.0591751855834399
6329,1.167462722352147
6148,1.2694225298975981
5956,1.364651409514936
5785,1.4529374722419961
5519,1.5722809473072981
5408,1.676317765740412
5203,1.7659615257315451
4991,1.8653476974792409
4791,1.9450822243974359
4588,2.0363845375148388
4337,2.1244579202688891
4272,2.236084339718531
4011,2.3541599858070148
