12760,-0.032377772770831002
12650,-0.043919466071506999
12556,-0.049297708469627999
12511,-0.044062667447901001
12414,-0.019900640339349001
12373,-0.001772878694008
12284,0.044729267691560999
12250,0.072422918873633002
12149,0.13513166091823001
12060,0.20572163722042
11968,0.28216712548755002
11853,0.362690824994714
11768,0.44574680144886702
11648,0.53000385879102296
11549,0.61432934972271602
11372,0.73891434745838402
11198,0.85904091211515698
11009,0.97293167698910599
10761,1.113183392344137
10493,1.239081916898942
10072,1.4012781488170181
9456,1.574232503891549
8816,1.7848459749832799
8205,1.976756824640495
