9643,0.18176509173630301
9422,0.336943412461084
9349,0.41194739288395699
9278,0.48524492668833702
9120,0.626767235873813
9046,0.69501402149751301
8888,0.82653159378014196
8797,0.88982313089704301
8620,1.0115241845444629
8448,1.126788788633861
8343,1.1820362783136451
8165,1.287824018634848
7957,1.3874262909693309
7765,1.480962706216683
7451,1.610188517682988
7238,1.6891732653198659
7071,1.7973256550426571
6825,1.8936587077713889
6540,2.0049507593411131
6296,2.0983555342661182
6060,2.193058644816527
5725,2.3035843871855111
5693,2.4013065753744751
5314,2.5010996114817621
