6685,0.19182266898980299
6691,0.27250549779793198
6702,0.42845056217213001
6676,0.50372845238663899
6622,0.57722030584151895
6535,0.71887793000432798
6471,0.78706045471827701
6355,0.91817806075073205
6293,0.98113285946283102
6175,1.1018888142985821
6053,1.215854814267896
5917,1.3231409530694269
5783,1.423872433328168
5645,1.5181904801381501
5508,1.6062528761677379
5374,1.6882341426656871
5189,1.800226410397654
5119,1.899682218693207
4969,1.98738921426556
4765,2.1098044697291032
4588,2.2062484194406702
4443,2.294064539819737
4418,2.400603359887679
4151,2.501557359445747
