13596,-0.086968162335194998
13474,-0.104742222200588
13369,-0.118942421701207
13336,-0.116752537961163
13251,-0.096907962368441999
13188,-0.080370426776779996
13104,-0.036560077267730001
13056,-0.010174499515838001
12977,0.049594104511678998
12875,0.116438082850184
12771,0.188045738012251
12685,0.26251020063004399
12588,0.33828239866217202
12475,0.41412739713933999
12379,0.489083994299637
12213,0.59832396558672796
12055,0.70235594677079805
11878,0.80034837498525402
11663,0.92126095698205601
11423,1.0315904612932549
11022,1.180126763264264
10456,1.354632790482905
9679,1.6016171682966001
8949,1.8353127226801631
