11689,0.181104913178184
11684,0.33677152731826798
11655,0.41194867984963202
11577,0.48538007650225401
11409,0.62707263956487902
11345,0.69536470016027097
11151,0.826911694921034
11053,0.890193507276136
10853,1.0118387034840111
10657,1.127011661643516
10566,1.1822036217884639
10358,1.2878661932191029
10151,1.3873292284481591
9928,1.480715788663483
9585,1.6096996620243511
9372,1.6885112940370961
9199,1.79638309137115
8933,1.89240529947147
8608,2.003226748008371
8335,2.0960907531156252
8026,2.2061953128092311
7726,2.2991874230390308
7636,2.40206133681624
7206,2.4998299356735969
