12049,0.0076675257043960004
11929,-0.002071487060941
11850,-0.011029361132223
11819,-0.010494257217607
11745,-6.5122407947999997e-05
11713,0.0095440990604719993
11624,0.036808798269599
11595,0.054158462143051998
11509,0.095516409205585004
11430,0.144714050980745
11342,0.20051772024758499
11259,0.26172513096627598
11177,0.32718188198061998
11075,0.39579535686316097
10989,0.46654615742083499
10848,0.57465424596688297
10704,0.682702801450358
10568,0.78839381585056001
10349,0.92260311328824096
10128,1.046542910779491
9781,1.2102757732034231
9273,1.3885602990261281
8656,1.61161663974893
8095,1.834576401001226
