9945,0.056338469620044997
9835,0.11901706673642699
9776,0.24706936908208199
9746,0.31183680123361102
9693,0.44152782878340902
9660,0.50599115747549805
9591,0.63316374941494302
9547,0.69553660617025903
9484,0.81714975034259596
9415,0.93383611890255502
9351,1.0448998531891109
9279,1.1498518139445639
9194,1.24838203729203
9128,1.340334322105575
9048,1.4256828709916849
8924,1.541530717560555
8795,1.643368345735903
8662,1.732159990627413
8482,1.832308100510684
8298,1.914453296377177
7990,2.0107784481225188
7567,2.10390876349945
7109,2.2092360914346632
6661,2.3021662338963478
