8968,0.056338469620044997
8875,0.11901706673642699
8765,0.24706936908208199
8695,0.31183680123361102
8553,0.44152782878340902
8475,0.50599115747549805
8319,0.63316374941494302
8253,0.69553660617025903
8100,0.81714975034259596
7934,0.93383611890255502
7749,1.0448998531891109
7576,1.1498518139445639
7373,1.24838203729203
7169,1.340334322105575
6979,1.4256828709916849
6683,1.541530717560555
6556,1.643368345735903
6335,1.732159990627413
6060,1.832308100510684
5829,1.914453296377177
5580,2.0107784481225188
5296,2.10390876349945
5204,2.2092360914346632
4890,2.3021662338963478
