6891,0.19182266898980299
6842,0.27250549779793198
6739,0.42845056217213001
6685,0.50372845238663899
6640,0.57722030584151895
6520,0.71887793000432798
6460,0.78706045471827701
6356,0.91817806075073205
6298,0.98113285946283102
6181,1.1018888142985821
6050,1.215854814267896
5918,1.3231409530694269
5783,1.423872433328168
5647,1.5181904801381501
5509,1.6062528761677379
5371,1.6882341426656871
5192,1.800226410397654
5122,1.899682218693207
4970,1.98738921426556
4763,2.1098044697291032
4588,2.2062484194406702
4451,2.294064539819737
4419,2.400603359887679
4153,2.501557359445747
