5148,0.046006557998614001
5054,0.113050505358177
4958,0.24869998578110999
4915,0.316711905782249
4813,0.45183103183663598
4761,0.51850217095490403
4660,0.649148930007722
4609,0.71281990625315605
4503,0.83623689997228001
4393,0.95379101371464803
4285,1.064934661625814
4168,1.1693273924203369
4049,1.2668045583762559
3936,1.3573486830713251
3826,1.441063420429112
3658,1.55429203045792
3580,1.653606631977103
3451,1.7402381916771801
3303,1.8383840394957061
3176,1.9197257663910929
3035,2.0170338537672441
2871,2.1141265853439419
2822,2.2239224948401648
2650,2.3064560752872301
