7985,0.056338469620044997
7942,0.11901706673642699
7840,0.24706936908208199
7756,0.31183680123361102
7594,0.44152782878340902
7507,0.50599115747549805
7348,0.63316374941494302
7262,0.69553660617025903
7076,0.81714975034259596
6901,0.93383611890255502
6725,1.0448998531891109
6535,1.1498518139445639
6344,1.24838203729203
6150,1.340334322105575
5980,1.4256828709916849
5725,1.541530717560555
5603,1.643368345735903
5400,1.732159990627413
5174,1.832308100510684
4982,1.914453296377177
4766,2.0107784481225188
4532,2.10390876349945
4455,2.2092360914346632
4192,2.3021662338963478
