13578,0.0037704599869910001
13444,-0.0053945295720460003
13359,-0.014101677038790001
13332,-0.013846521560047001
13239,-0.0046867548417309996
13180,0.0039707967470049999
13096,0.028786252756913999
13061,0.044671202459349003
12926,0.082696175012354003
12863,0.12811698759436599
12753,0.179804181493082
12636,0.236650339732035
12553,0.29758735833559402
12439,0.36160103077535599
12334,0.427743088160701
12157,0.52906040600239101
11978,0.63063268269380901
11803,0.73032422513403805
11558,0.85750694122454996
11275,0.97576010698498095
10875,1.1338515441301951
10288,1.310411889090944
9465,1.5438419172926201
8717,1.790983161000359
