9137,0.19797635510842199
9013,0.27361773233936398
8887,0.41507935503471399
8835,0.481591259984118
8693,0.60764511155902201
8628,0.72599883165287304
8476,0.78278143868847005
8408,0.89232979754840602
8265,0.99730380429941601
8188,1.0983876411225479
8030,1.1960211692300491
7868,1.2904461054889631
7707,1.3817476438409231
7539,1.5127446719654949
7378,1.595908243436269
7132,1.7139169012321209
7025,1.7877814528850391
6826,1.890843584410751
6550,2.012936524582897
6298,2.092557688626334
6007,2.2024606654809591
5999,2.2991397446467881
5680,2.4005955262961192
5437,2.4975611485259859
