13564,-0.086968162335194998
13427,-0.104742222200588
13343,-0.118942421701207
13310,-0.116752537961163
13228,-0.096907962368441999
13159,-0.080370426776779996
13085,-0.036560077267730001
13024,-0.010174499515838001
12926,0.049594104511678998
12843,0.116438082850184
12758,0.188045738012251
12646,0.26251020063004399
12564,0.33828239866217202
12454,0.41412739713933999
12356,0.489083994299637
12199,0.59832396558672796
12038,0.70235594677079805
11856,0.80034837498525402
11624,0.92126095698205601
11378,1.0315904612932549
10986,1.180126763264264
10431,1.354632790482905
9620,1.6016171682966001
8907,1.8353127226801631
