12371,-0.024289778562708999
12241,-0.031977478284193998
12153,-0.0290137923405
12110,-0.019610919918655999
12023,0.012238808255828
11981,0.033686956812276
11890,0.085410478368178
11874,0.114901115733853
11786,0.179414140728131
11681,0.24933649003306699
11602,0.32266995759307099
11504,0.39778595001077999
11396,0.47338043294978199
11332,0.54843225030106701
11240,0.62216469722049395
11086,0.729097231279909
10924,0.83062539799449997
10770,0.92622953079995596
10541,1.0444923925804701
10311,1.1530204527028021
9932,1.300536731015935
9391,1.4760440216896089
8689,1.7254155497311729
7990,1.9551256851220109
