13587,0.0037704599869910001
13445,-0.0053945295720460003
13360,-0.014101677038790001
13318,-0.013846521560047001
13230,-0.0046867548417309996
13194,0.0039707967470049999
13101,0.028786252756913999
13050,0.044671202459349003
12971,0.082696175012354003
12866,0.12811698759436599
12768,0.179804181493082
12677,0.236650339732035
12584,0.29758735833559402
12479,0.36160103077535599
12378,0.427743088160701
12198,0.52906040600239101
12051,0.63063268269380901
11876,0.73032422513403805
11638,0.85750694122454996
11373,0.97576010698498095
10981,1.1338515441301951
10405,1.310411889090944
9636,1.5438419172926201
8928,1.790983161000359
