14870,-0.086968162335194998
14735,-0.104742222200588
14670,-0.118942421701207
14631,-0.116752537961163
14583,-0.096907962368441999
14546,-0.080370426776779996
14459,-0.036560077267730001
14429,-0.010174499515838001
14344,0.049594104511678998
14267,0.116438082850184
14181,0.188045738012251
14111,0.26251020063004399
14033,0.33828239866217202
13948,0.41412739713933999
13855,0.489083994299637
13737,0.59832396558672796
13619,0.70235594677079805
13476,0.80034837498525402
13310,0.92126095698205601
13136,1.0315904612932549
12844,1.180126763264264
12442,1.354632790482905
11870,1.6016171682966001
11315,1.8353127226801631
