9639,-7.6375546547e-05
9538,-0.0090771787208310008
9466,-0.0098185692391490002
9440,-0.0026222860153820001
9379,0.024492452400052
9356,0.043538675503435001
9284,0.090643189011197001
9258,0.117995742670597
9198,0.17872347202592001
9131,0.24564520749065499
9060,0.31685056372311499
8993,0.39073340893942399
8924,0.46595981494008498
8865,0.54143808385745296
8785,0.61629078861519304
8678,0.72593486836611398
8568,0.83100227430901796
8458,0.93050286626383905
8302,1.0537578846579501
8115,1.166248337348712
7850,1.3164962745973721
7469,1.4887176762605629
7004,1.7216911010252109
6549,1.9373323796254269
