9008,0.11230976058966401
8950,0.17075274799346399
8832,0.28754199508599598
8759,0.34568892039364302
8602,0.46102395437348398
8521,0.51804060912821304
8370,0.63037808017427199
8275,0.68555492784405903
8129,0.79359863766139305
7967,0.89817893997536802
7795,0.99889608271202901
7614,1.0954173642236691
7436,1.1874747174153071
7271,1.274862023008984
7079,1.357432175815622
6815,1.4720700899067269
6683,1.575586212194465
6474,1.668128872555491
6218,1.775094868766085
5994,1.8645427927455649
5746,1.969833158989869
5467,2.0676841939650461
5374,2.166193205912736
5069,2.2556082032239368
