9919,-0.097988957540146998
9804,-0.106716914045098
9760,-0.107280378549675
9727,-0.100176068938802
9670,-0.073593503844132005
9644,-0.054979833646959998
9581,-0.0090496414718700003
9539,0.017572185024243001
9479,0.076582053356194002
9411,0.141488780448395
9335,0.21043879981875399
9270,0.28188497179992
9223,0.35455310595492001
9149,0.42741071917044798
9081,0.49963795989484699
8974,0.60545414527335195
8847,0.70697596289505804
8754,0.80336118546216095
8585,0.92333823635221801
8404,1.0337388344479981
8159,1.183308684490753
7751,1.359115423572643
7182,1.60582986379651
6644,1.839552337346833
