9074,0.11230976058966401
8992,0.17075274799346399
8855,0.28754199508599598
8782,0.34568892039364302
8623,0.46102395437348398
8540,0.51804060912821304
8382,0.63037808017427199
8304,0.68555492784405903
8152,0.79359863766139305
7985,0.89817893997536802
7813,0.99889608271202901
7643,1.0954173642236691
7457,1.1874747174153071
7289,1.274862023008984
7104,1.357432175815622
6835,1.4720700899067269
6708,1.575586212194465
6499,1.668128872555491
6246,1.775094868766085
6029,1.8645427927455649
5776,1.969833158989869
5501,2.0676841939650461
5406,2.166193205912736
5098,2.2556082032239368
