9755,0.025349825097549999
9638,0.016182966831891001
9560,0.0048817857222469997
9523,0.0029069846287380001
9430,0.0065083914537249999
9390,0.012094035931159
9309,0.030708132644957
9258,0.043633711756867997
9187,0.076356506184261999
9092,0.117617158461371
8997,0.16654065803880599
8916,0.22214810740595001
8815,0.28339648039477799
8726,0.349213590797396
8630,0.41852850063934999
8482,0.52678929738466396
8332,0.63728851110025198
8175,0.74710737938691396
7969,0.88831113327545697
7734,1.0196482475277859
7393,1.192808287261087
6931,1.3775230984094311
6328,1.598513228511584
5794,1.822260597720567
