9920,-0.097988957540146998
9815,-0.106716914045098
9753,-0.107280378549675
9736,-0.100176068938802
9665,-0.073593503844132005
9642,-0.054979833646959998
9571,-0.0090496414718700003
9547,0.017572185024243001
9483,0.076582053356194002
9416,0.141488780448395
9357,0.21043879981875399
9294,0.28188497179992
9209,0.35455310595492001
9153,0.42741071917044798
9068,0.49963795989484699
8976,0.60545414527335195
8858,0.70697596289505804
8752,0.80336118546216095
8575,0.92333823635221801
8411,1.0337388344479981
8154,1.183308684490753
7769,1.359115423572643
7189,1.60582986379651
6656,1.839552337346833
