13584,0.0037704599869910001
13449,-0.0053945295720460003
13370,-0.014101677038790001
13338,-0.013846521560047001
13247,-0.0046867548417309996
13184,0.0039707967470049999
13107,0.028786252756913999
13073,0.044671202459349003
12975,0.082696175012354003
12851,0.12811698759436599
12772,0.179804181493082
12656,0.236650339732035
12563,0.29758735833559402
12453,0.36160103077535599
12356,0.427743088160701
12185,0.52906040600239101
12016,0.63063268269380901
11838,0.73032422513403805
11590,0.85750694122454996
11332,0.97576010698498095
10933,1.1338515441301951
10358,1.310411889090944
9541,1.5438419172926201
8823,1.790983161000359
