12390,-0.024289778562708999
12217,-0.031977478284193998
12170,-0.0290137923405
12126,-0.019610919918655999
12020,0.012238808255828
11978,0.033686956812276
11909,0.085410478368178
11876,0.114901115733853
11791,0.179414140728131
11685,0.24933649003306699
11615,0.32266995759307099
11516,0.39778595001077999
11420,0.47338043294978199
11331,0.54843225030106701
11226,0.62216469722049395
11097,0.729097231279909
10958,0.83062539799449997
10781,0.92622953079995596
10575,1.0444923925804701
10330,1.1530204527028021
9960,1.300536731015935
9435,1.4760440216896089
8693,1.7254155497311729
8021,1.9551256851220109
