9745,0.025349825097549999
9635,0.016182966831891001
9550,0.0048817857222469997
9502,0.0029069846287380001
9421,0.0065083914537249999
9382,0.012094035931159
9290,0.030708132644957
9249,0.043633711756867997
9161,0.076356506184261999
9063,0.117617158461371
8972,0.16654065803880599
8878,0.22214810740595001
8779,0.28339648039477799
8680,0.349213590797396
8571,0.41852850063934999
8418,0.52678929738466396
8251,0.63728851110025198
8080,0.74710737938691396
7852,0.88831113327545697
7611,1.0196482475277859
7230,1.192808287261087
6722,1.3775230984094311
6098,1.598513228511584
5551,1.822260597720567
