12039,0.0076675257043960004
11944,-0.002071487060941
11868,-0.011029361132223
11832,-0.010494257217607
11763,-6.5122407947999997e-05
11714,0.0095440990604719993
11645,0.036808798269599
11612,0.054158462143051998
11538,0.095516409205585004
11448,0.144714050980745
11358,0.20051772024758499
11269,0.26172513096627598
11200,0.32718188198061998
11104,0.39579535686316097
11012,0.46654615742083499
10869,0.57465424596688297
10727,0.682702801450358
10593,0.78839381585056001
10378,0.92260311328824096
10159,1.046542910779491
9809,1.2102757732034231
9310,1.3885602990261281
8716,1.61161663974893
8140,1.834576401001226
