9098,0.18921163458166701
9038,0.26716783144666501
8912,0.41620363388558501
8860,0.48754804412119801
8756,0.62444822017461299
8698,0.69019023789767597
8551,0.81664278946068403
8488,0.87747863205957799
8347,0.99462154265927305
8216,1.105981653113026
8081,1.2117870593386451
7915,1.312194725760321
7779,1.407309118218826
7634,1.4971986226397831
7479,1.581909855955157
7244,1.6993487435216019
7111,1.805358909910171
6912,1.900144293143482
6710,2.009624782279356
6505,2.100848718035262
6279,2.2070637374738351
6034,2.3031268682833641
5944,2.3979812550290731
5671,2.4980849471710012
