8988,0.056338469620044997
8896,0.11901706673642699
8761,0.24706936908208199
8679,0.31183680123361102
8531,0.44152782878340902
8470,0.50599115747549805
8314,0.63316374941494302
8220,0.69553660617025903
8059,0.81714975034259596
7900,0.93383611890255502
7710,1.0448998531891109
7528,1.1498518139445639
7324,1.24838203729203
7128,1.340334322105575
6928,1.4256828709916849
6634,1.541530717560555
6504,1.643368345735903
6273,1.732159990627413
6015,1.832308100510684
5785,1.914453296377177
5535,2.0107784481225188
5245,2.10390876349945
5158,2.2092360914346632
4862,2.3021662338963478
