12786,-0.032377772770831002
12646,-0.043919466071506999
12548,-0.049297708469627999
12512,-0.044062667447901001
12430,-0.019900640339349001
12381,-0.001772878694008
12291,0.044729267691560999
12267,0.072422918873633002
12144,0.13513166091823001
12076,0.20572163722042
11966,0.28216712548755002
11867,0.362690824994714
11774,0.44574680144886702
11648,0.53000385879102296
11543,0.61432934972271602
11374,0.73891434745838402
11188,0.85904091211515698
11001,0.97293167698910599
10756,1.113183392344137
10479,1.239081916898942
10059,1.4012781488170181
9465,1.574232503891549
8801,1.7848459749832799
8187,1.976756824640495
