5035,0.046006557998614001
5003,0.113050505358177
4948,0.24869998578110999
4901,0.316711905782249
4798,0.45183103183663598
4752,0.51850217095490403
4651,0.649148930007722
4597,0.71281990625315605
4483,0.83623689997228001
4372,0.95379101371464803
4262,1.064934661625814
4140,1.1693273924203369
4020,1.2668045583762559
3902,1.3573486830713251
3783,1.441063420429112
3622,1.55429203045792
3547,1.653606631977103
3415,1.7402381916771801
3262,1.8383840394957061
3138,1.9197257663910929
2999,2.0170338537672441
2835,2.1141265853439419
2792,2.2239224948401648
2614,2.3064560752872301
