8855,0.18921163458166701
8865,0.26716783144666501
8865,0.41620363388558501
8844,0.48754804412119801
8753,0.62444822017461299
8692,0.69019023789767597
8559,0.81664278946068403
8486,0.87747863205957799
8357,0.99462154265927305
8219,1.105981653113026
8070,1.2117870593386451
7934,1.312194725760321
7784,1.407309118218826
7629,1.4971986226397831
7474,1.581909855955157
7238,1.6993487435216019
7118,1.805358909910171
6926,1.900144293143482
6702,2.009624782279356
6511,2.100848718035262
6284,2.2070637374738351
6033,2.3031268682833641
5948,2.3979812550290731
5663,2.4980849471710012
