9647,-7.6375546547e-05
9546,-0.0090771787208310008
9485,-0.0098185692391490002
9453,-0.0026222860153820001
9391,0.024492452400052
9366,0.043538675503435001
9288,0.090643189011197001
9262,0.117995742670597
9198,0.17872347202592001
9130,0.24564520749065499
9063,0.31685056372311499
8986,0.39073340893942399
8919,0.46595981494008498
8851,0.54143808385745296
8777,0.61629078861519304
8671,0.72593486836611398
8565,0.83100227430901796
8450,0.93050286626383905
8278,1.0537578846579501
8101,1.166248337348712
7826,1.3164962745973721
7449,1.4887176762605629
6981,1.7216911010252109
6526,1.9373323796254269
