7848,0.10260623880783599
7738,0.15660453928458701
7607,0.27140133397952398
7543,0.331329077279225
7411,0.45431452669372702
7346,0.51669349895481398
7205,0.64174119598192503
7130,0.70389649538410903
6978,0.82636931216024201
6824,0.94518455745587104
6672,1.0591751855834399
6501,1.167462722352147
6321,1.2694225298975981
6157,1.364651409514936
5987,1.4529374722419961
5743,1.5722809473072981
5628,1.676317765740412
5432,1.7659615257315451
5210,1.8653476974792409
5017,1.9450822243974359
4793,2.0363845375148388
4556,2.1244579202688891
4486,2.236084339718531
4224,2.3541599858070148
