9508,0.18176509173630301
9501,0.336943412461084
9511,0.41194739288395699
9486,0.48524492668833702
9367,0.626767235873813
9310,0.69501402149751301
9181,0.82653159378014196
9099,0.88982313089704301
8964,1.0115241845444629
8810,1.126788788633861
8747,1.1820362783136451
8596,1.287824018634848
8421,1.3874262909693309
8260,1.480962706216683
8000,1.610188517682988
7835,1.6891732653198659
7697,1.7973256550426571
7498,1.8936587077713889
7245,2.0049507593411131
7036,2.0983555342661182
6826,2.193058644816527
6542,2.3035843871855111
6505,2.4013065753744751
6140,2.5010996114817621
