9732,0.025349825097549999
9630,0.016182966831891001
9546,0.0048817857222469997
9500,0.0029069846287380001
9421,0.0065083914537249999
9374,0.012094035931159
9280,0.030708132644957
9239,0.043633711756867997
9153,0.076356506184261999
9053,0.117617158461371
8951,0.16654065803880599
8866,0.22214810740595001
8757,0.28339648039477799
8663,0.349213590797396
8555,0.41852850063934999
8390,0.52678929738466396
8216,0.63728851110025198
8047,0.74710737938691396
7814,0.88831113327545697
7574,1.0196482475277859
7183,1.192808287261087
6667,1.3775230984094311
6047,1.598513228511584
5488,1.822260597720567
