12786,-0.032377772770831002
12662,-0.043919466071506999
12566,-0.049297708469627999
12513,-0.044062667447901001
12451,-0.019900640339349001
12404,-0.001772878694008
12307,0.044729267691560999
12248,0.072422918873633002
12168,0.13513166091823001
12094,0.20572163722042
11981,0.28216712548755002
11872,0.362690824994714
11775,0.44574680144886702
11673,0.53000385879102296
11559,0.61432934972271602
11391,0.73891434745838402
11211,0.85904091211515698
11030,0.97293167698910599
10768,1.113183392344137
10509,1.239081916898942
10090,1.4012781488170181
9505,1.574232503891549
8838,1.7848459749832799
8220,1.976756824640495
