8064,0.056338469620044997
7991,0.11901706673642699
7850,0.24706936908208199
7769,0.31183680123361102
7602,0.44152782878340902
7523,0.50599115747549805
7371,0.63316374941494302
7277,0.69553660617025903
7120,0.81714975034259596
6947,0.93383611890255502
6761,1.0448998531891109
6594,1.1498518139445639
6405,1.24838203729203
6227,1.340334322105575
6047,1.4256828709916849
5789,1.541530717560555
5663,1.643368345735903
5467,1.732159990627413
5247,1.832308100510684
5049,1.914453296377177
4826,2.0107784481225188
4581,2.10390876349945
4511,2.2092360914346632
4242,2.3021662338963478
