9644,-7.6375546547e-05
9539,-0.0090771787208310008
9486,-0.0098185692391490002
9461,-0.0026222860153820001
9392,0.024492452400052
9362,0.043538675503435001
9319,0.090643189011197001
9268,0.117995742670597
9204,0.17872347202592001
9153,0.24564520749065499
9065,0.31685056372311499
9014,0.39073340893942399
8964,0.46595981494008498
8870,0.54143808385745296
8802,0.61629078861519304
8697,0.72593486836611398
8580,0.83100227430901796
8472,0.93050286626383905
8302,1.0537578846579501
8146,1.166248337348712
7866,1.3164962745973721
7489,1.4887176762605629
7032,1.7216911010252109
6574,1.9373323796254269
