9940,0.056338469620044997
9833,0.11901706673642699
9770,0.24706936908208199
9718,0.31183680123361102
9673,0.44152782878340902
9642,0.50599115747549805
9570,0.63316374941494302
9531,0.69553660617025903
9454,0.81714975034259596
9392,0.93383611890255502
9321,1.0448998531891109
9233,1.1498518139445639
9157,1.24838203729203
9092,1.340334322105575
9009,1.4256828709916849
8887,1.541530717560555
8756,1.643368345735903
8626,1.732159990627413
8434,1.832308100510684
8239,1.914453296377177
7928,2.0107784481225188
7495,2.10390876349945
7020,2.2092360914346632
6557,2.3021662338963478
