8136,0.056338469620044997
8003,0.11901706673642699
7840,0.24706936908208199
7758,0.31183680123361102
7593,0.44152782878340902
7504,0.50599115747549805
7327,0.63316374941494302
7240,0.69553660617025903
7051,0.81714975034259596
6875,0.93383611890255502
6685,1.0448998531891109
6494,1.1498518139445639
6293,1.24838203729203
6099,1.340334322105575
5912,1.4256828709916849
5645,1.541530717560555
5521,1.643368345735903
5315,1.732159990627413
5088,1.832308100510684
4893,1.914453296377177
4665,2.0107784481225188
4425,2.10390876349945
4351,2.2092360914346632
4088,2.3021662338963478
