12392,-0.024289778562708999
12227,-0.031977478284193998
12138,-0.0290137923405
12122,-0.019610919918655999
12042,0.012238808255828
12014,0.033686956812276
11922,0.085410478368178
11883,0.114901115733853
11805,0.179414140728131
11713,0.24933649003306699
11620,0.32266995759307099
11507,0.39778595001077999
11431,0.47338043294978199
11337,0.54843225030106701
11223,0.62216469722049395
11058,0.729097231279909
10923,0.83062539799449997
10781,0.92622953079995596
10550,1.0444923925804701
10318,1.1530204527028021
9971,1.300536731015935
9437,1.4760440216896089
8712,1.7254155497311729
8051,1.9551256851220109
