9902,0.056338469620044997
9793,0.11901706673642699
9739,0.24706936908208199
9707,0.31183680123361102
9645,0.44152782878340902
9598,0.50599115747549805
9545,0.63316374941494302
9509,0.69553660617025903
9441,0.81714975034259596
9368,0.93383611890255502
9295,1.0448998531891109
9221,1.1498518139445639
9143,1.24838203729203
9062,1.340334322105575
8983,1.4256828709916849
8860,1.541530717560555
8735,1.643368345735903
8592,1.732159990627413
8414,1.832308100510684
8232,1.914453296377177
7911,2.0107784481225188
7475,2.10390876349945
7017,2.2092360914346632
6535,2.3021662338963478
