9049,0.11230976058966401
8935,0.17075274799346399
8797,0.28754199508599598
8747,0.34568892039364302
8625,0.46102395437348398
8564,0.51804060912821304
8426,0.63037808017427199
8354,0.68555492784405903
8230,0.79359863766139305
8091,0.89817893997536802
7924,0.99889608271202901
7785,1.0954173642236691
7619,1.1874747174153071
7459,1.274862023008984
7300,1.357432175815622
7045,1.4720700899067269
6921,1.575586212194465
6719,1.668128872555491
6484,1.775094868766085
6268,1.8645427927455649
6023,1.969833158989869
5742,2.0676841939650461
5649,2.166193205912736
5341,2.2556082032239368
