12249,-0.033580713743465003
12142,-0.043654636633647999
12036,-0.045934622389067002
11997,-0.039225935358167
11912,-0.012578417732571
11845,0.0064661346622349996
11755,0.053976848765698998
11692,0.081715995620233003
11600,0.14353221607605501
11486,0.21189680170213099
11367,0.28482413119878902
11245,0.36063798966335903
11119,0.43794001825016299
11023,0.51558011652581204
10902,0.59262874202532201
10715,0.70553247747981396
10526,0.813708141237236
10333,0.91607098066596404
10081,1.042653509849756
9805,1.1578502828250441
9356,1.311017960852382
8744,1.485458495627626
8006,1.7204676254915761
7348,1.939610496792896
