12244,-0.033580713743465003
12127,-0.043654636633647999
12028,-0.045934622389067002
12000,-0.039225935358167
11896,-0.012578417732571
11836,0.0064661346622349996
11748,0.053976848765698998
11701,0.081715995620233003
11595,0.14353221607605501
11467,0.21189680170213099
11358,0.28482413119878902
11253,0.36063798966335903
11126,0.43794001825016299
11025,0.51558011652581204
10906,0.59262874202532201
10738,0.70553247747981396
10550,0.813708141237236
10375,0.91607098066596404
10110,1.042653509849756
9857,1.1578502828250441
9413,1.311017960852382
8838,1.485458495627626
8136,1.7204676254915761
7503,1.939610496792896
