6743,0.19182266898980299
6746,0.27250549779793198
6735,0.42845056217213001
6683,0.50372845238663899
6631,0.57722030584151895
6517,0.71887793000432798
6465,0.78706045471827701
6356,0.91817806075073205
6294,0.98113285946283102
6174,1.1018888142985821
6048,1.215854814267896
5920,1.3231409530694269
5788,1.423872433328168
5652,1.5181904801381501
5521,1.6062528761677379
5381,1.6882341426656871
5205,1.800226410397654
5130,1.899682218693207
4994,1.98738921426556
4785,2.1098044697291032
4610,2.2062484194406702
4467,2.294064539819737
4443,2.400603359887679
4176,2.501557359445747
