8879,0.18921163458166701
8887,0.26716783144666501
8891,0.41620363388558501
8850,0.48754804412119801
8759,0.62444822017461299
8679,0.69019023789767597
8550,0.81664278946068403
8488,0.87747863205957799
8355,0.99462154265927305
8213,1.105981653113026
8078,1.2117870593386451
7923,1.312194725760321
7763,1.407309118218826
7626,1.4971986226397831
7463,1.581909855955157
7230,1.6993487435216019
7103,1.805358909910171
6919,1.900144293143482
6692,2.009624782279356
6489,2.100848718035262
6267,2.2070637374738351
6000,2.3031268682833641
5933,2.3979812550290731
5649,2.4980849471710012
