11993,0.181104913178184
11791,0.33677152731826798
11712,0.41194867984963202
11615,0.48538007650225401
11419,0.62707263956487902
11311,0.69536470016027097
11115,0.826911694921034
11013,0.890193507276136
10787,1.0118387034840111
10574,1.127011661643516
10462,1.1822036217884639
10237,1.2878661932191029
9998,1.3873292284481591
9775,1.480715788663483
9407,1.6096996620243511
9170,1.6885112940370961
8983,1.79638309137115
8694,1.89240529947147
8377,2.003226748008371
8089,2.0960907531156252
7775,2.2061953128092311
7464,2.2991874230390308
7378,2.40206133681624
6946,2.4998299356735969
