6178,0.24090079073676601
5987,0.27902857174587298
5992,0.37546117387572697
5986,0.43111473750266999
5981,0.55160718949476195
5978,0.614514865995615
5978,0.74160209488171502
5976,0.80444419279155399
5984,0.92601403068172405
5972,1.039357303077389
5980,1.1420966929308669
5978,1.232751420904034
5980,1.3105886954023269
5967,1.3754886883224391
5972,1.4278224824600341
5970,1.484487295454793
5980,1.518281319762312
5975,1.5336589315708
5976,1.5337095606911959
5981,1.520236533925454
5965,1.494255635093358
5968,1.4784092370442239
5977,1.5161121916215869
5981,1.5523079459819471
