6157,0.24090079073676601
5967,0.27902857174587298
5959,0.37546117387572697
5966,0.43111473750266999
5964,0.55160718949476195
5963,0.614514865995615
5959,0.74160209488171502
5958,0.80444419279155399
5958,0.92601403068172405
5952,1.039357303077389
5958,1.1420966929308669
5961,1.232751420904034
5953,1.3105886954023269
5960,1.3754886883224391
5967,1.4278224824600341
5945,1.484487295454793
5955,1.518281319762312
5958,1.5336589315708
5953,1.5337095606911959
5949,1.520236533925454
5950,1.494255635093358
5950,1.4784092370442239
5960,1.5161121916215869
5959,1.5523079459819471
