9912,-0.097988957540146998
9799,-0.106716914045098
9749,-0.107280378549675
9728,-0.100176068938802
9660,-0.073593503844132005
9621,-0.054979833646959998
9572,-0.0090496414718700003
9536,0.017572185024243001
9473,0.076582053356194002
9418,0.141488780448395
9339,0.21043879981875399
9273,0.28188497179992
9209,0.35455310595492001
9136,0.42741071917044798
9069,0.49963795989484699
8969,0.60545414527335195
8855,0.70697596289505804
8725,0.80336118546216095
8565,0.92333823635221801
8406,1.0337388344479981
8128,1.183308684490753
7747,1.359115423572643
7158,1.60582986379651
6607,1.839552337346833
