7783,0.10260623880783599
7710,0.15660453928458701
7602,0.27140133397952398
7540,0.331329077279225
7418,0.45431452669372702
7350,0.51669349895481398
7216,0.64174119598192503
7149,0.70389649538410903
7001,0.82636931216024201
6852,0.94518455745587104
6700,1.0591751855834399
6544,1.167462722352147
6382,1.2694225298975981
6224,1.364651409514936
6057,1.4529374722419961
5821,1.5722809473072981
5718,1.676317765740412
5535,1.7659615257315451
5311,1.8653476974792409
5129,1.9450822243974359
4919,2.0363845375148388
4675,2.1244579202688891
4603,2.236084339718531
4338,2.3541599858070148
