339,129,0.017920494090278613
339,145,-0.0026676897299707024
339,161,-0.019893015236074115
339,177,-0.023127040585036597
339,193,0.011349128709388373
339,209,-0.014074678500482409
339,33,-0.023648201984610744
339,49,-0.014887125608950367
339,65,-0.0056415254401312037
339,81,-0.0241848575215237
339,97,-0.019383691347095434
339,113,0.018388561799335144
338,129,-0.020283310594096434
338,145,-0.0031404775520323821
338,161,0.012304927724025149
338,177,0.0064083346407525603
338,193,-0.024865358727664624
338,209,-0.01367998532308751
338,33,-0.006206683639029177
338,49,-0.016644951196243749
338,65,-0.0075476847812873792
338,81,-0.0091414554150184308
338,97,-0.010453661652462993
338,113,-0.028454586773167059
337,129,-0.0065003842996506373
337,145,-0.019184708438893503
337,161,-0.0050879443397486811
337,177,-0.0071542589631718072
337,193,-0.027955810381275571
337,209,-0.010426012563471764
337,33,0.012909179159479566
337,49,-0.025904962124864959
337,65,-0.0048895414808250905
337,81,-0.0027790277181192545
337,97,-0.0075486574894028423
337,113,-0.028797608694850454
336,129,-0.021031379833840867
336,145,-0.021925149098524516
336,161,-0.017138861762193282
336,177,-0.011194012423783666
336,193,-0.039413795428575885
336,209,-0.0056421679290519586
336,33,0.012437239643293531
336,49,0.037622156843972167
336,65,-0.023391196663621227
336,81,0.008894184585780316
336,97,-0.029675187529316412
336,113,0.00064491396087967758
335,129,-0.027342900045078011
335,145,-0.013964293400586865
335,161,-0.013588443488168426
335,177,-0.027679578126140143
335,193,0.0049376605150057498
335,209,-0.019408528052029271
335,33,-0.0070967802804641862
335,49,-0.028336049804257236
335,65,-0.022002513363775469
335,81,-0.018781675392402879
335,97,-0.022084784917842604
335,113,-0.02747701400745815
334,129,-0.033824673745730983
334,145,-0.0061935171959600415
334,161,-0.0096668626478359915
334,177,-0.0045918117114589676
334,193,-0.023684055874527116
334,209,0.027325439019892039
334,33,-0.029111901747806167
334,49,-0.02863793007770352
334,65,-0.031211718608906636
334,81,-0.020960584437026003
334,97,-0.0017009471646696566
334,113,-0.029587605793304522
333,129,-0.016051741273467784
333,145,-0.021685490754145522
333,161,0.0043710703671127641
333,177,-0.021896012698897818
333,193,-0.018481214006265852
333,209,-0.027913967765217762
333,33,-0.029160476610040446
333,49,-0.021499772784712334
333,65,-0.0069809750243620596
333,81,-0.027095319609854653
333,97,-0.01667314235829433
333,113,-0.02479172033034854
332,129,-0.027536086477599312
332,145,-0.012500682941273586
332,161,-0.025687492748394311
332,177,-0.014108682522329642
332,193,-0.015742681546976754
332,209,-0.010529542439475662
332,33,-0.028591309608919084
332,49,-0.014143531080231624
332,65,0.011209927473015047
332,81,-0.0038082944580977432
332,97,-0.016707540425165146
332,113,-0.027742675408078156
331,129,-0.011581047319980898
331,145,-0.0085418051825472338
331,161,-0.019234717190596433
331,177,-0.011264887138536061
331,193,-0.037086023848987258
331,209,0.015187024575432025
331,33,-0.017181263390024147
331,49,-0.021995784488148758
331,65,-0.0064137038866817504
331,81,-0.01270097246316486
331,97,-0.028589908540895721
331,113,-0.0075499173957785807
330,129,-0.019653464832604158
330,145,-0.021740186673609302
330,161,-0.02856704743112079
330,177,-0.0020255734032666134
330,193,-0.028506573318751841
330,209,-0.01627857569809826
330,33,-0.016766083757020447
330,49,-0.026141885412175526
330,65,0.0015460498322223699
330,81,-0.028599853935922195
330,97,-0.012548345741805095
330,113,-0.025116344400374142
329,129,-0.022744944620245341
329,145,-0.029017134093303878
329,161,-0.01583759305540967
329,177,-0.0036529495803557959
329,193,-0.0095607407547565332
329,209,-0.026909770423228247
329,33,-0.026084939228996268
329,49,-0.024355618124636425
329,65,-0.033318111006701956
329,81,-0.024769725627190278
329,97,-0.0094836646214248328
329,113,-0.016160195728809834
328,129,0.0016263045977890609
328,145,-0.024269252656069978
328,161,-0.024076464209000926
328,177,-0.0082303666900371344
328,193,-0.028940627019762917
328,209,-0.011457052565809329
328,33,-0.025476694422098527
328,49,-0.027881326731256529
328,65,-0.027344386321940316
328,81,0.010654524798444042
328,97,-0.020538208074189872
328,113,-0.029719419145381822
327,129,-0.012372868766000732
327,145,0.0010834066595602743
327,161,-0.028254693007377877
327,177,-0.0051140474586940585
327,193,-0.013997271942864375
327,209,-0.013083553708793527
327,33,-0.027632445463485561
327,49,0.017423745303490834
327,65,-0.026283970351122839
327,81,-0.028530299924438483
327,97,0.0036953182873966602
327,113,-0.019866098796508976
326,129,-0.026957941261029406
326,145,-0.022943793523802481
326,161,-0.035239765408355751
326,177,-0.015612527722076582
326,193,-0.028696225441402382
326,209,-0.026111768670604427
326,33,-0.0257478961852643
326,49,0.015309049052532928
326,65,-0.026084361341022419
326,81,-0.035713066793378836
326,97,0.0040767542152780742
326,113,-0.022797347253206417
325,129,-0.015650879558405516
325,145,-0.00035234218260642169
325,161,-0.017224544001708753
325,177,-0.027784381104406678
325,193,-0.028952275660918968
325,209,-0.012362778328213106
325,33,-0.0043854738103790382
325,49,-0.00071885064972172297
325,65,-0.028776907973680953
325,81,-0.028898510744917394
325,97,-0.014851427122486497
325,113,-0.0052317734356068617
324,129,-0.0030300593869515492
324,145,0.0027287524176278053
324,161,-0.011348061956671972
324,177,-0.027204409090940525
324,193,-0.030400574131630255
324,209,-0.00021042067411289732
324,33,-0.026685478630341597
324,49,-0.011351461630554359
324,65,-0.024882615806431252
324,81,-0.015873954024191159
324,97,-0.016528326098644231
324,113,-0.034273194894058522
323,129,-0.0098852502001852728
323,145,-0.012440702261176304
323,161,-0.02832460575131418
323,177,0.0063642258745728762
323,193,0.0072658444248216592
323,209,-0.028502865845597698
323,33,-0.013576491786440971
323,49,-0.016888664289753916
323,65,-0.018714149609168545
323,81,-0.013323881006916186
323,97,0.0065705478174976455
323,113,0.012926015732647338
322,129,-0.013802088355113431
322,145,0.013698293923063251
322,161,-0.034155198249584504
322,177,-0.0078567093023145674
322,193,-0.036072014068479354
322,209,-0.026538639010594809
322,33,-0.027556242393406965
322,49,-0.01826237572397079
322,65,-0.028158141161532601
322,81,0.018641275026276518
322,97,0.0152049932561318
322,113,-0.027978347205612097
321,129,-0.014632824307312079
321,145,-0.027242897256699893
321,161,0.0033075778478690843
321,177,-0.012557290483846692
321,193,-0.016918555202726483
321,209,-0.028247783554603816
321,33,-0.012919479371431966
321,49,0.0082172498491828207
321,65,-0.016690681423971027
321,81,-0.014361841228892345
321,97,-0.007246754049514771
321,113,-0.028682581229686963
320,129,-0.00079274400207335956
320,145,-0.014674548786887709
320,161,-0.0074557564981946635
320,177,-0.028846334203713148
320,193,-0.02709686263983719
320,209,-0.01513687978238127
320,33,-0.017368631877454042
320,49,-0.023434111398235622
320,65,-0.013595327897753457
320,81,-0.028629509251849691
320,97,-0.012941826780485308
320,113,-0.028848519022924048
319,129,-0.010345635209094952
319,145,-0.014886857315903983
319,161,-0.023584420656732406
319,177,-0.011274549709065242
319,193,0.025604288038681394
319,209,0.011706015538944453
319,33,-0.009503549692253789
319,49,-0.0031376865514909746
319,65,-0.024825575020163998
319,81,-0.016831192728263111
319,97,-0.028392871546049046
319,113,-0.014046898621219555
318,129,0.0050290128970123102
318,145,-0.032996343983203849
318,161,-0.020315219683398774
318,177,-0.021373041154843529
318,193,-0.023727287476888542
318,209,0.00091320384380074848
318,33,-0.0038766277042947919
318,49,-0.015714256667564274
318,65,-0.0046066278920009864
318,81,-0.031372106900077773
318,97,-0.028101857795148535
318,113,-0.027178141868107599
317,129,-0.00085303821563936745
317,145,-0.0094823603448783572
317,161,0.019349086292846887
317,177,-0.0019811738789167099
317,193,-0.011040809506718112
317,209,-0.0072455517876228092
317,33,-0.0091162825562315936
317,49,-0.028035242681419804
317,65,-0.022362204879930275
317,81,0.021273639079099928
317,97,-0.028381703525457658
317,113,0.012385780191049437
316,129,0.013594227774492776
316,145,0.00884921990304555
316,161,-0.010321054739929192
316,177,-0.033046500965768083
316,193,0.0026883333172075903
316,209,0.0022514128288538427
316,33,-0.028554534600675679
316,49,0.021217017792585901
316,65,-0.012358019052727086
316,81,-0.012798916747784241
316,97,-0.018896367709305719
316,113,-0.028078940941760163
315,129,0.0098998108097253894
315,145,-0.018489399054334065
315,161,-0.027912937813408818
315,177,-0.0051126451962350914
315,193,-0.017341645398024099
315,209,0.00023758308373432368
315,33,-0.023184995373893021
315,49,0.0018006369142805996
315,65,-0.0018113928984697966
315,81,-0.0018617160053810713
315,97,-0.00021990913415824946
315,113,-0.02753889872695859
314,129,-0.011859524825398345
314,145,-0.028081911447077938
314,161,-0.021226367525891944
314,177,-0.00095623146388304481
314,193,0.038427760548987729
314,209,-0.013625896336588016
314,33,0.0095400237415365196
314,49,0.0083589735710734216
314,65,-0.027105264970669472
314,81,-0.028408144717356615
314,97,0.0023925533103251804
314,113,-0.0029450049531295455
313,129,0.0059574897592917838
313,145,-0.030340842297719956
313,161,-0.018084096673061375
313,177,-0.012470517316012585
313,193,-0.014942794760297098
313,209,-0.036879974028655504
313,33,-0.024137182838253675
313,49,-0.014046538986611162
313,65,0.0083845678908188257
313,81,-0.03002823364474606
313,97,0.018675086199151623
313,113,-0.042171200779575591
312,129,0.014125472191194371
312,145,-0.029751213207820811
312,161,-0.02502846879128898
312,177,-0.023343802606285175
312,193,0.00058503818682186307
312,209,-0.021971512607061323
312,33,-0.028385818848810879
312,49,-0.010326831627847886
312,65,-0.027746735621211029
312,81,-0.0065308110983969382
312,97,0.019692373190191955
312,113,-0.0087745206750534169
339,17,-0.020447923309769803
338,17,0.0073865194511494765
337,17,-0.003318301103057004
336,17,0.0093367406044121415
335,17,-0.0084380545388922038
334,17,-0.028540826669485406
333,17,0.027574617242852234
332,17,-0.028290441286898962
331,17,-0.012656068449578409
330,17,-0.027801455947941214
329,17,0.029977472104554363
328,17,-0.01246438068068227
327,17,-0.0084635245287664005
326,17,-0.0055575616159046761
325,17,-0.015796694952673666
324,17,0.0032961786777881571
323,17,0.031963470235921464
322,17,0.017114357221299517
321,17,0.037936440315320522
320,17,0.00030001046086793764
319,17,0.0069164134051215957
318,17,0.012141511134721844
317,17,-0.014422861298034892
316,17,-0.00032405289604900688
315,17,0.015640054994875811
314,17,0.00023473686545193357
313,17,0.0012939016582134283
312,17,-0.0083021133882172672
339,225,-0.0037139703788191527
338,225,-0.019769446879876557
337,225,-0.020737094727611073
336,225,-0.019449711323273118
335,225,-0.026443280915062761
334,225,-0.011049904128116798
333,225,-0.014558089378789316
332,225,-0.017469458125311903
331,225,0.0070359442570418797
330,225,-0.016545611155309628
329,225,-0.028745382865393139
328,225,-0.027051347640600239
327,225,0.0019294048583923297
326,225,0.0043575654067653574
325,225,-0.010508032917288281
324,225,-0.017726983481509619
323,225,-0.01674642459449302
322,225,0.013924772295306665
321,225,0.011034177838426775
320,225,-0.0051851555806844028
319,225,-0.032848902716673088
318,225,0.0069218790031447073
317,225,-0.0066446656393759143
316,225,0.0088025365059179114
315,225,-0.0087875666418280943
314,225,-0.026085005679994212
313,225,-0.014754841840700734
312,225,0.0097293638519074504
