339,129,0.017360203806321028
339,145,-0.0040226591811211654
339,161,-0.020618020962988037
339,177,-0.023473650509137526
339,193,0.010666951935395899
339,209,-0.011992969036706304
339,33,-0.022446320840793232
339,49,-0.015913306361790714
339,65,-0.0057207597236366755
339,81,-0.024004349575621618
339,97,-0.021342329972323201
339,113,0.01783661159071227
338,129,-0.02004129455902599
338,145,-0.0035731170397760035
338,161,0.012005357656475093
338,177,0.0063334156417687131
338,193,-0.022914048634463637
338,209,-0.013672896500985144
338,33,-0.0088220180004317719
338,49,-0.019357470363911736
338,65,-0.0091636180516839662
338,81,-0.011056234870366938
338,97,-0.0089783183376272446
338,113,-0.029266720390803587
337,129,-0.0080141500174702087
337,145,-0.02037395458282969
337,161,-0.0052641393453490516
337,177,-0.0064971010314341182
337,193,-0.026803370997046931
337,209,-0.008960256424709153
337,33,0.013609922039731815
337,49,-0.017763691626414911
337,65,-0.0026320382184673273
337,81,0.00034854198419205073
337,97,-0.00032067351853131993
337,113,-0.027833222672574143
336,129,-0.017444782163747504
336,145,-0.026966471425682339
336,161,-0.020839180358180099
336,177,-0.010314315736900797
336,193,-0.045336789326663254
336,209,-0.0068360462208737162
336,33,0.011460674907754402
336,49,0.034642245575286189
336,65,-0.024534673032954341
336,81,0.0092717948611637617
336,97,-0.029036924622037379
336,113,-0.0023150203328923761
335,129,-0.028883216685895861
335,145,-0.012741926399126568
335,161,-0.013585656997549234
335,177,-0.027143678172383043
335,193,0.0053911017680046951
335,209,-0.015676284575912386
335,33,-0.0019027181876989686
335,49,-0.029309032611261738
335,65,-0.020021412128226161
335,81,-0.017409414747772693
335,97,-0.018968713699523645
335,113,-0.032439876741350064
334,129,-0.035251735920170418
334,145,-0.0045267064420471941
334,161,-0.008741020148866914
334,177,-0.0038653336926752859
334,193,-0.023064845890887239
334,209,0.027389369134117998
334,33,-0.028039691245408296
334,49,-0.028143312998537003
334,65,-0.031695777490063519
334,81,-0.021040120958106694
334,97,-0.0012472129679718207
334,113,-0.026757655414576177
333,129,-0.018850745439344559
333,145,-0.021156397565528912
333,161,0.0038588503466355393
333,177,-0.020959339371645579
333,193,-0.017138913812592072
333,209,-0.040878014258001603
333,33,-0.026634634895156169
333,49,-0.020475340879894915
333,65,-0.01078613601391947
333,81,-0.023705587224454858
333,97,-0.016789316255516089
333,113,-0.019352662745370685
332,129,-0.028163852603512399
332,145,-0.012386893471912276
332,161,-0.028288188649856043
332,177,-0.013670814506335977
332,193,-0.015285075277294176
332,209,-0.0089163346264515934
332,33,-0.030327392440936456
332,49,-0.01371539966864707
332,65,0.0064092505183272691
332,81,-0.0042278761647288931
332,97,-0.017821444380334162
332,113,-0.034387934237657028
331,129,-0.012578595206368504
331,145,-0.0074007209314397096
331,161,-0.016003011054226423
331,177,-0.011656808727255439
331,193,-0.039834403977808311
331,209,0.014710012274534666
331,33,-0.017828880900948661
331,49,-0.019902374875212788
331,65,-0.0051896331513065514
331,81,-0.013676371794366714
331,97,-0.026717375894986236
331,113,-0.0074462886489252899
330,129,-0.019025783984357281
330,145,-0.020305939472595028
330,161,-0.030977816463345284
330,177,-0.0016826214677027962
330,193,-0.023779263917231411
330,209,-0.018077660742385773
330,33,-0.015011607848861632
330,49,-0.026555343350076189
330,65,0.0022970358693890653
330,81,-0.020929522512495954
330,97,-0.011594627999414776
330,113,-0.025535042846142001
329,129,-0.022540762132028175
329,145,-0.03828030511171545
329,161,-0.014226469703842105
329,177,-0.0052196265000907282
329,193,-0.0098052473112489151
329,209,-0.024866333955076182
329,33,-0.027533210103142487
329,49,-0.023146035463349687
329,65,-0.035197278790087577
329,81,-0.028344624177017393
329,97,-0.0053727766247820509
329,113,-0.015727857700928428
328,129,0.0026445717156267992
328,145,-0.026496105392250644
328,161,-0.026691072151094085
328,177,-0.0072135810877237217
328,193,-0.026051480618191684
328,209,-0.0074317835928848297
328,33,-0.022964249397077557
328,49,-0.022389463378750144
328,65,-0.026521235707352032
328,81,0.010978013477788023
328,97,-0.02093549350600335
328,113,-0.0296393849711718
327,129,-0.013763592550909733
327,145,-0.00035289857021530242
327,161,-0.030344510388152581
327,177,-0.0081584282785616916
327,193,-0.013432575579055892
327,209,-0.012888242339210442
327,33,-0.025766610799958234
327,49,0.016363483807910442
327,65,-0.021012259698766359
327,81,-0.025725733704184371
327,97,0.0051049547891748454
327,113,-0.016772808422445249
326,129,-0.023266453099071036
326,145,-0.022728666910498092
326,161,-0.040915558942906417
326,177,-0.016304296806499766
326,193,-0.03037859983323218
326,209,-0.026327008036754241
326,33,-0.025697242703278649
326,49,0.014219425568806118
326,65,-0.024973756409098151
326,81,-0.028477830811042607
326,97,0.0032985039138396441
326,113,-0.022112995978770235
325,129,-0.015518927182544145
325,145,0.00042296661076460175
325,161,-0.016225557086673031
325,177,-0.019888430472327114
325,193,-0.029930187670961689
325,209,-0.0119021024790982
325,33,-0.0044683535611699235
325,49,-0.00099533935982867535
325,65,-0.03068096647062709
325,81,-0.024216077496892995
325,97,-0.014061195434502559
325,113,-0.0059439727227578194
324,129,-0.0025505097748519255
324,145,0.0037223825072661191
324,161,-0.012034998153391792
324,177,-0.029128480807384005
324,193,-0.026078511419024723
324,209,0.00022504505577797978
324,33,-0.029244966034355901
324,49,-0.011117616983285783
324,65,-0.025520909623383679
324,81,-0.012136975610845082
324,97,-0.014967745422785199
324,113,-0.03418630933101563
323,129,-0.010947781653203667
323,145,-0.0092309518404891377
323,161,-0.029768209366840555
323,177,0.0081955876808675696
323,193,0.007860717126084802
323,209,-0.027366651719400399
323,33,-0.012345703416079734
323,49,-0.017347919725059027
323,65,-0.019335913588689305
323,81,-0.012687403672581737
323,97,0.0073018422816959645
323,113,0.011373351673536548
322,129,-0.014733448408361599
322,145,0.012322178806826978
322,161,-0.022244320189402585
322,177,-0.0082284393549757751
322,193,-0.037238266640939058
322,209,-0.018177859388305424
322,33,-0.025086372646824631
322,49,-0.01985790087654038
322,65,-0.026645290208138571
322,81,0.017222342538364407
322,97,0.014982254951243128
322,113,-0.030677981886718074
321,129,-0.014083643816311796
321,145,-0.027672378491810493
321,161,0.0035767008335752652
321,177,-0.012811548767349194
321,193,-0.018019911779856446
321,209,-0.028486115291262687
321,33,-0.013784356090978995
321,49,0.010969250963095282
321,65,-0.016248954800782551
321,81,-0.014783499616599301
321,97,-0.0078149636874265474
321,113,-0.02746487988896654
320,129,-0.0010731839481195773
320,145,-0.015792742931774698
320,161,-0.0083803558520300636
320,177,-0.03254501640289937
320,193,-0.032156464987106767
320,209,-0.014289129648387298
320,33,-0.02149768013367721
320,49,-0.021400862184053529
320,65,-0.01310944231113961
320,81,-0.024422669460222861
320,97,-0.011567278988055027
320,113,-0.030131022221688744
319,129,-0.014502636444922092
319,145,-0.016334095337943499
319,161,-0.026293279191319286
319,177,-0.011447652616050947
319,193,0.023350448567792552
319,209,0.010325793429092379
319,33,-0.0099325779302174184
319,49,-0.0026029164661670744
319,65,-0.029579382261679478
319,81,-0.016865884345186162
319,97,-0.033721809975585215
319,113,-0.014367586758625928
318,129,0.0052381366330271854
318,145,-0.03595742167295049
318,161,-0.020369516457099886
318,177,-0.02309039516661919
318,193,-0.021439213124610532
318,209,-0.0022823014865768548
318,33,-0.0031297566368045605
318,49,-0.014133633752371425
318,65,-0.0035901232939772564
318,81,-0.037364274219775888
318,97,-0.030315095649909224
318,113,-0.027771361716360507
317,129,-0.0018061723958559689
317,145,-0.0093963314112716582
317,161,0.019521174810333282
317,177,-0.0018646734629690479
317,193,-0.010165793767457057
317,209,-0.0082759745471337309
317,33,-0.010381304931083557
317,49,-0.019279858379064665
317,65,-0.015061307895740582
317,81,0.020937869865742871
317,97,-0.027781475313733831
317,113,0.012398687335953272
316,129,0.01257888458526497
316,145,0.005776770146060501
316,161,-0.010991191502504797
316,177,-0.030164947467344317
316,193,0.002516322621955253
316,209,0.0014640569964570898
316,33,-0.026452705371627232
316,49,0.018607556053144715
316,65,-0.01362334512228245
316,81,-0.010015634084987193
316,97,-0.019065096367665783
316,113,-0.027710700376068233
315,129,0.010456116263650022
315,145,-0.01759942383857762
315,161,-0.025774800418079578
315,177,-0.0038344078108657042
315,193,-0.015369560215759576
315,209,0.00094014813628895129
315,33,-0.020610261799204773
315,49,0.0028957234822596335
315,65,-0.00061190329057463641
315,81,6.812759129395593e-05
315,97,0.0017677254657568857
315,113,-0.02609592762008002
314,129,-0.011345343728633378
314,145,-0.030060806565919806
314,161,-0.02274665396209764
314,177,-0.0020723786016747948
314,193,0.036369029572893473
314,209,-0.013541529417149091
314,33,0.0086917502018617702
314,49,0.0078657969617960156
314,65,-0.026518416057428235
314,81,-0.034091864526867986
314,97,0.0022600795526947553
314,113,-0.004097902464310999
313,129,0.005507413223342454
313,145,-0.033983833818641937
313,161,-0.020309987616793538
313,177,-0.011545932013817518
313,193,-0.014527129576272677
313,209,-0.038557074266590677
313,33,-0.020335642011170683
313,49,-0.013082149003282164
313,65,0.0096833781353661882
313,81,-0.028794246650512841
313,97,0.019080147052445057
313,113,-0.042006136689762316
312,129,0.013448281960835196
312,145,-0.038204707870775928
312,161,-0.02591393029147733
312,177,-0.021675593039005406
312,193,-0.0010081999947593261
312,209,-0.026911957346485882
312,33,-0.035000856812039773
312,49,-0.011875697468871
312,65,-0.030586891039336241
312,81,-0.0070991583753426809
312,97,0.0212181184018185
312,113,-0.0074838225203004418
339,17,-0.021574556555395363
338,17,0.0077635448434613362
337,17,-0.0035371401545279653
336,17,0.0087740521567116394
335,17,-0.0083482978890790354
334,17,-0.029102150645066827
333,17,0.025869113265140204
332,17,-0.023861548370822269
331,17,-0.01093783995365406
330,17,-0.031214293409673192
329,17,0.036276808706783396
328,17,-0.010916792008027587
327,17,-0.0085446099489543473
326,17,-0.0076018892931223559
325,17,-0.016025763632013364
324,17,0.001260525170874048
323,17,0.031124701263412786
322,17,0.01646058588203789
321,17,0.036372765470353619
320,17,0.00041717111034383263
319,17,0.006985273365275756
318,17,0.012155813385370423
317,17,-0.013353331524196594
316,17,-0.0012455060419925678
315,17,0.01586598765171604
314,17,0.0016551620925194252
313,17,0.0014314047403899423
312,17,-0.0091479817552373183
339,225,-0.0022761168027706576
338,225,-0.017836639423760455
337,225,-0.020952410771472554
336,225,-0.022731775390311508
335,225,-0.023078289271239439
334,225,-0.011680163492475968
333,225,-0.012683192689365583
332,225,-0.014726351835964753
331,225,0.0084380472580737192
330,225,-0.013845349343129853
329,225,-0.029605312367464123
328,225,-0.022848498759863205
327,225,0.0026784183999718184
326,225,0.0056788060643708739
325,225,-0.010728778897735986
324,225,-0.015588225803174103
323,225,-0.01201373611615936
322,225,0.01488366893698306
321,225,0.010466451686373748
320,225,-0.0057589197410846385
319,225,-0.032857863654698068
318,225,0.0085283001550750699
317,225,-0.0039906353096913101
316,225,0.0091942183791272353
315,225,-0.0093226898991818456
314,225,-0.025542593446908859
313,225,-0.01505788943290079
312,225,0.0098959878965146839
