339,129,0.017839550730857922
339,145,-0.0045938105660531647
339,161,-0.024840687098291014
339,177,-0.02267547299363034
339,193,0.0087824715777767882
339,209,-0.01620578050891348
339,33,-0.027996462986409665
339,49,-0.016509591400153713
339,65,-0.0082190008687672896
339,81,-0.025953647919350474
339,97,-0.026159289968507984
339,113,0.012660095367064132
338,129,-0.021652753870540224
338,145,-0.0067079666281527044
338,161,0.0092041846076049427
338,177,0.00098810786483698502
338,193,-0.029782630749034578
338,209,-0.014853263037639777
338,33,-0.009312818111166507
338,49,-0.020432589945973439
338,65,-0.013465985001928367
338,81,-0.012609685709662356
338,97,-0.014298117500861232
338,113,-0.045307240849705326
337,129,-0.0075216613631381626
337,145,-0.022305541062803629
337,161,-0.0088441825397891326
337,177,-0.011822519112555439
337,193,-0.034077623322416935
337,209,-0.015081965304334633
337,33,0.0083477597359009753
337,49,-0.027586634722970221
337,65,-0.011886444493442505
337,81,-0.0065490288924461406
337,97,-0.0096797045468473442
337,113,-0.044065117856861791
336,129,-0.022333300836948049
336,145,-0.027399391175782509
336,161,-0.020506886659815211
336,177,-0.017845628702068964
336,193,-0.053711892277260496
336,209,-0.0092837272276461297
336,33,0.0028666702521071945
336,49,0.022807610412250198
336,65,-0.02180897890966238
336,81,-3.0040661468115799e-05
336,97,-0.049166616520495234
336,113,-0.0023889045122951432
335,129,-0.030895023720913083
335,145,-0.013166873989035145
335,161,-0.020854789055640442
335,177,-0.034426957167346103
335,193,0.0022036732133722675
335,209,-0.021637028697075174
335,33,-0.0091962965760792551
335,49,-0.031544228287650224
335,65,-0.029919495221455011
335,81,-0.026999896029715191
335,97,-0.019946938986830701
335,113,-0.038315154510512539
334,129,-0.046043497411109711
334,145,-0.011844140152182384
334,161,-0.019469349949283305
334,177,-0.0096720886909310282
334,193,-0.035050728520048445
334,209,0.011655627659332495
334,33,-0.044946626149528449
334,49,-0.029204327140744668
334,65,-0.052205577368873213
334,81,-0.026681999747883413
334,97,-0.010580929002345401
334,113,-0.052692240512107982
333,129,-0.023692495247421688
333,145,-0.032219238415225761
333,161,-0.0025634120831241696
333,177,-0.021832642322951349
333,193,-0.025824048221565914
333,209,-0.046667518408438642
333,33,-0.038212497618397928
333,49,-0.022075360877287592
333,65,-0.019245094497437637
333,81,-0.029648405488998598
333,97,-0.019340017355525062
333,113,-0.0288215456468503
332,129,-0.030777090366496646
332,145,-0.011876883894819704
332,161,-0.023577951633309668
332,177,-0.013292497703240308
332,193,-0.015095193109847438
332,209,-0.0082913589408061955
332,33,-0.028609215795826325
332,49,-0.013710306634097924
332,65,0.0060367707397901288
332,81,-0.0059268403299540234
332,97,-0.027425172427389812
332,113,-0.036682794609230004
331,129,-0.01089045828248734
331,145,-0.01105621066926038
331,161,-0.02105888345343505
331,177,-0.010471232923140904
331,193,-0.054585493937441124
331,209,0.0093204020500443057
331,33,-0.018298066094589754
331,49,-0.020617338047095039
331,65,-0.012862974972105611
331,81,-0.017820827488293434
331,97,-0.034230906803251596
331,113,-0.0138362165685338
330,129,-0.019542383955888597
330,145,-0.015186874296615815
330,161,-0.029587260221783689
330,177,-0.0044473426412662163
330,193,-0.033667184011102705
330,209,-0.013874755571626051
330,33,-0.013670872312320047
330,49,-0.023595826667753922
330,65,-0.003614131498406929
330,81,-0.027304119072583313
330,97,-0.013793025575516087
330,113,-0.024494272896690549
329,129,-0.020250362396471416
329,145,-0.03659348348768942
329,161,-0.018210802265623906
329,177,-0.0076265717060473633
329,193,-0.0087010295621363174
329,209,-0.028055649630514226
329,33,-0.024280992836877298
329,49,-0.034675178209358871
329,65,-0.054537547180787911
329,81,-0.027112951882703039
329,97,-0.016566814087404489
329,113,-0.018809336737468187
328,129,-0.0045360275693120278
328,145,-0.031056978803636125
328,161,-0.026433308195836464
328,177,-0.010523546678026343
328,193,-0.048789760497131809
328,209,-0.020383651432187219
328,33,-0.02306215991174284
328,49,-0.037658961776450867
328,65,-0.043535661727699633
328,81,0.0013564569709674271
328,97,-0.026961316721378512
328,113,-0.051070288024172024
327,129,-0.016377107380508557
327,145,-0.0012845765219662009
327,161,-0.037806799545860588
327,177,-0.008900530231549483
327,193,-0.016375882695886291
327,209,-0.012922255482136292
327,33,-0.031417455563852968
327,49,0.011839318725073569
327,65,-0.022885162517422085
327,81,-0.038651736876626944
327,97,-0.0050825022005081197
327,113,-0.025599653503551069
326,129,-0.027648336458265026
326,145,-0.020646808442222858
326,161,-0.055550809115799689
326,177,-0.018841807424274347
326,193,-0.031684776599605551
326,209,-0.03083254458777461
326,33,-0.03173014147581165
326,49,0.0037434938449963087
326,65,-0.023662348493991067
326,81,-0.058674360062656812
326,97,-0.0043555727333828764
326,113,-0.024649618811150586
325,129,-0.01162225143826616
325,145,-0.002625586708932673
325,161,-0.022299155820206324
325,177,-0.025723979016482327
325,193,-0.043144704626014239
325,209,-0.01379010919472363
325,33,-0.0062150180893871827
325,49,-0.0081418299876905992
325,65,-0.033156144673678223
325,81,-0.041615402037338975
325,97,-0.017815727781724581
325,113,-0.011094556039859284
324,129,-0.0029039848036538523
324,145,-0.0017176209756066337
324,161,-0.013336436945526409
324,177,-0.025953899467969013
324,193,-0.040125373109928045
324,209,-0.0044249942596215844
324,33,-0.032351319131344015
324,49,-0.015498806491926233
324,65,-0.028032679795889991
324,81,-0.016109089703206202
324,97,-0.018841384334429351
324,113,-0.058539735795286416
323,129,-0.012504440407451993
323,145,-0.01822682504362623
323,161,-0.037891068783408276
323,177,0.0026355865318382719
323,193,0.0048665897204648294
323,209,-0.024578897524814174
323,33,-0.012682466601667651
323,49,-0.015933984876981701
323,65,-0.022945997827844882
323,81,-0.014275721122630826
323,97,0.00034197661224565469
323,113,0.0014708835967519832
322,129,-0.012612347598909557
322,145,0.007001372082967988
322,161,-0.058417101149652803
322,177,-0.013942608993613916
322,193,-0.047897755403297805
322,209,-0.027097744541433377
322,33,-0.030238861903072567
322,49,-0.024043080085194443
322,65,-0.036960049608596737
322,81,0.0068778409219692358
322,97,0.0073293984177165358
322,113,-0.041316013389255675
321,129,-0.013048411212869824
321,145,-0.029714302597968225
321,161,-0.0015489241180410252
321,177,-0.010119493071714785
321,193,-0.024500680259901833
321,209,-0.041262913074414098
321,33,-0.018573721528227716
321,49,0.0064921578398590097
321,65,-0.016858891861064134
321,81,-0.017181625015894136
321,97,-0.011265229834993746
321,113,-0.032835224458028139
320,129,-0.0011558212726259294
320,145,-0.018629701773772971
320,161,-0.011022492708426883
320,177,-0.035050724144902942
320,193,-0.039839114608865252
320,209,-0.015794053642997002
320,33,-0.023411496651372349
320,49,-0.020752453061608906
320,65,-0.017772262387677262
320,81,-0.04988097739836371
320,97,-0.014076800297416828
320,113,-0.035104823099735054
319,129,-0.0093831938166206233
319,145,-0.017565409375256139
319,161,-0.026396093498464484
319,177,-0.01136716871605831
319,193,0.020392248210114608
319,209,0.0026796278072505849
319,33,-0.011960457722023077
319,49,-0.0074185588129251625
319,65,-0.027954359301413517
319,81,-0.01838068309314083
319,97,-0.042251357077161815
319,113,-0.018524747146009664
318,129,0.0025789556052735118
318,145,-0.048409843255180426
318,161,-0.027687062614554576
318,177,-0.02768871063906668
318,193,-0.032942786204011421
318,209,-0.008368875866825538
318,33,-0.0076703392697160316
318,49,-0.017242023041490646
318,65,-0.0088939093299689291
318,81,-0.039860128534807047
318,97,-0.034715131204698296
318,113,-0.035367486769082329
317,129,-0.0029927728143757273
317,145,-0.010673106916247621
317,161,0.013103093278299498
317,177,-0.0050627503160000416
317,193,-0.014647208745199949
317,209,-0.014508112436667041
317,33,-0.022645966990145944
317,49,-0.027972230738937551
317,65,-0.032206901156882475
317,81,0.0085289245399662542
317,97,-0.054306417029763618
317,113,7.2349600993058225e-05
316,129,0.01094301077319035
316,145,-0.00078245742680125544
316,161,-0.0082447876617882838
316,177,-0.048802712001729219
316,193,-0.0034651927894261123
316,209,-0.0012214966364198106
316,33,-0.036149942807744563
316,49,0.0076900588815823553
316,65,-0.023208016668279333
316,81,-0.02168040664641261
316,97,-0.022028242089106004
316,113,-0.032252888795237258
315,129,0.004599203841176229
315,145,-0.019447967713167948
315,161,-0.044094044274799772
315,177,-0.0090662776304745105
315,193,-0.02139747471037216
315,209,-0.0034593750682948106
315,33,-0.019883450344057495
315,49,-0.0038906553906347895
315,65,-0.0072046511269748831
315,81,-0.0064136372316511659
315,97,-0.0058448249801038325
315,113,-0.037921246852627155
314,129,-0.011470212195768707
314,145,-0.039760618338740242
314,161,-0.024798523587622544
314,177,-0.0065353959383018584
314,193,0.026524245623823089
314,209,-0.015545935000237621
314,33,0.0044466244921782631
314,49,0.0012210450349560058
314,65,-0.027063949411333513
314,81,-0.047967131740233919
314,97,-0.0054805051276144148
314,113,-0.010331460433684894
313,129,0.0045112454354862492
313,145,-0.038302828071415031
313,161,-0.019891349394945301
313,177,-0.015821520054693686
313,193,-0.015122361263560537
313,209,-0.062122801696399534
313,33,-0.030040903012560693
313,49,-0.021911587341122998
313,65,0.0011278112683569433
313,81,-0.047202687568242398
313,97,0.011848893564132781
313,113,-0.072854245098392556
312,129,0.011353803493552585
312,145,-0.040492092132202381
312,161,-0.0255711771930285
312,177,-0.020066524572698322
312,193,-0.0067955580457666866
312,209,-0.030454731513506299
312,33,-0.032157700160232075
312,49,-0.0097182953261847668
312,65,-0.033834774419019047
312,81,-0.012843943439148605
312,97,0.0092162065881255736
312,113,-0.014106550202189944
339,17,-0.017445654185734658
338,17,0.0060710681650852083
337,17,-0.0037899032436285148
336,17,0.0053838781438644064
335,17,-0.011131757838830587
334,17,-0.042627445039717764
333,17,0.013144115921783826
332,17,-0.03627403415147952
331,17,-0.013413228985662022
330,17,-0.03526621716874969
329,17,0.022432727442255579
328,17,-0.015325888595584395
327,17,-0.0090419101068187936
326,17,-0.0044666528470246498
325,17,-0.017763115660187633
324,17,-0.0038547798240120413
323,17,0.022012886437484107
322,17,0.0093317843972404307
321,17,0.023232037409028263
320,17,-0.0054323958752478876
319,17,0.0013428529396014837
318,17,0.0030724932612063616
317,17,-0.015656143982998805
316,17,-0.0053438609700662536
315,17,0.012568565238652352
314,17,-0.00062132537489190392
313,17,-0.0017971073840777315
312,17,-0.01604871726807865
339,225,-0.0033927620372466369
338,225,-0.015556130094987455
337,225,-0.018006837142287416
336,225,-0.025840439355938091
335,225,-0.019128796229938828
334,225,-0.014137823380882635
333,225,-0.0117167175646271
332,225,-0.015651723389330047
331,225,0.0017596072950407627
330,225,-0.015318730068237297
329,225,-0.033641330611229439
328,225,-0.022207246793684517
327,225,-0.0026780372535424864
326,225,0.0032195121752302191
325,225,-0.011392214593729626
324,225,-0.022187476404903806
323,225,-0.011852827833482097
322,225,0.0044106729298774893
321,225,0.0012250299468047102
320,225,-0.0090616118597708992
319,225,-0.043075666293628009
318,225,0.0014651186725084112
317,225,-0.0080696474956959089
316,225,-0.00013758827774259196
315,225,-0.0075060011762260303
314,225,-0.033506459401634894
313,225,-0.013756702312012356
312,225,0.0044352631722491759
