339,129,0.018011713402427767
339,145,-0.0028042375538065091
339,161,-0.020000646754780513
339,177,-0.022965782875191687
339,193,0.011586226420682849
339,209,-0.013599689595367597
339,33,-0.022761714304122237
339,49,-0.014177585858049088
339,65,-0.0044470745013750783
339,81,-0.024291751582853922
339,97,-0.018849948382288855
339,113,0.018753753713942823
338,129,-0.020313116825094239
338,145,-0.0031559774397102117
338,161,0.012418551369726348
338,177,0.0067171087410349472
338,193,-0.024780635245746703
338,209,-0.012976122003027999
338,33,-0.0054715553669951161
338,49,-0.016067326142506343
338,65,-0.0070736338124935735
338,81,-0.0083131361160990926
338,97,-0.0098741775398161428
338,113,-0.028085419664172488
337,129,-0.006360452610709051
337,145,-0.019143765639095253
337,161,-0.0048499048483027912
337,177,-0.006893136571684895
337,193,-0.02795795826302824
337,209,-0.010185375903478481
337,33,0.013181897431787711
337,49,-0.025605622184549325
337,65,-0.0043619864734194911
337,81,-0.0031218015379930113
337,97,-0.0073371882735548035
337,113,-0.028630110313844333
336,129,-0.021451552848723746
336,145,-0.022449561614490757
336,161,-0.016755314474693583
336,177,-0.01184028731972972
336,193,-0.040466229564795501
336,209,-0.0048236851598746234
336,33,0.012924775607008575
336,49,0.038159218799110932
336,65,-0.022489753205493884
336,81,0.0090586650027646622
336,97,-0.028954432245088847
336,113,0.0013428401139216337
335,129,-0.027566543565550779
335,145,-0.01383108495098944
335,161,-0.01374179043051442
335,177,-0.027562112590478648
335,193,0.0052586047101975397
335,209,-0.019494870937613634
335,33,-0.0064965958641152351
335,49,-0.027851853896419778
335,65,-0.021365263680241515
335,81,-0.018782705948224648
335,97,-0.021011628264482055
335,113,-0.028068614743310481
334,129,-0.034215361212855608
334,145,-0.005749385091537473
334,161,-0.010058414115912672
334,177,-0.0042396696911437713
334,193,-0.023577666379635886
334,209,0.027677762882673925
334,33,-0.028918127382313422
334,49,-0.028198194731419889
334,65,-0.031317016995061689
334,81,-0.020935274506687526
334,97,-0.0013116627282392373
334,113,-0.028851373519938748
333,129,-0.015713157635107982
333,145,-0.021357192955592394
333,161,0.0046261343373707395
333,177,-0.021460715543132902
333,193,-0.018628742010937734
333,209,-0.028294051019369236
333,33,-0.028355227610017773
333,49,-0.021317122473670264
333,65,-0.0069487646683306665
333,81,-0.026992745837183481
333,97,-0.016448901122821387
333,113,-0.024249585169182276
332,129,-0.027734192858403808
332,145,-0.012357878198748139
332,161,-0.026106836003265355
332,177,-0.013645513053188915
332,193,-0.015163333909035933
332,209,-0.0096217657109024576
332,33,-0.028349403672237615
332,49,-0.013758700763776489
332,65,0.011581176692583401
332,81,-0.0039192512546441386
332,97,-0.016560509210236343
332,113,-0.028545457938779831
331,129,-0.01154712095562933
331,145,-0.0083383893626399214
331,161,-0.018942569006521758
331,177,-0.01169898156215997
331,193,-0.036752801934915855
331,209,0.015534960022945372
331,33,-0.016450187908371647
331,49,-0.021788290105544728
331,65,-0.0058662969213691425
331,81,-0.01284561529287891
331,97,-0.027834155233793505
331,113,-0.008027083883392995
330,129,-0.019173781378837573
330,145,-0.021373725381427379
330,161,-0.028208503419904208
330,177,-0.0016809468526855476
330,193,-0.028312376114283326
330,209,-0.01602252344728626
330,33,-0.016094573302904477
330,49,-0.025750537072506526
330,65,0.002070351548749111
330,81,-0.028124577642734506
330,97,-0.011857504447551322
330,113,-0.024893973869756173
329,129,-0.022894721477554104
329,145,-0.028311821158140592
329,161,-0.016006185120540892
329,177,-0.0033699417355258499
329,193,-0.0086742749558296143
329,209,-0.026172333844937834
329,33,-0.026069533057927689
329,49,-0.023892046862755534
329,65,-0.033532104233782979
329,81,-0.024642661527487227
329,97,-0.0094896733294717733
329,113,-0.015261927503486379
328,129,0.0016326821919402093
328,145,-0.024216734505789015
328,161,-0.0242224556456829
328,177,-0.0081927738966486238
328,193,-0.028861074297963554
328,209,-0.011149822551425005
328,33,-0.025245309662646813
328,49,-0.027644375041571377
328,65,-0.02820055638125742
328,81,0.010631243020987547
328,97,-0.020212477934532253
328,113,-0.029778751778664927
327,129,-0.012676888887629271
327,145,0.0010243142074664916
327,161,-0.028778785685272909
327,177,-0.0051700584719382011
327,193,-0.013694204354501902
327,209,-0.012839045297356111
327,33,-0.027979858433031593
327,49,0.017586526435189442
327,65,-0.02613182430098418
327,81,-0.028214747828671113
327,97,0.0040925197102271152
327,113,-0.019595252070647762
326,129,-0.027318713583860114
326,145,-0.022667262034284187
326,161,-0.034106486950457343
326,177,-0.015451553193100013
326,193,-0.028210699818773395
326,209,-0.026129479265041718
326,33,-0.025716464338215284
326,49,0.015528789371994256
326,65,-0.025491037312926977
326,81,-0.033357639758396153
326,97,0.0044943809524957941
326,113,-0.022262462243243662
325,129,-0.015411772937519129
325,145,-4.0244347450773681e-06
325,161,-0.017218677207833894
325,177,-0.028187509110246905
325,193,-0.028358479921488645
325,209,-0.012086034146177425
325,33,-0.0040112785514489595
325,49,-2.8387444879082945e-05
325,65,-0.028268605604990792
325,81,-0.028196737353631866
325,97,-0.01426983611917596
325,113,-0.0042345758014182503
324,129,-0.0027744664198516905
324,145,0.003391298904606291
324,161,-0.011039171993450097
324,177,-0.027673655455422028
324,193,-0.02917732120625886
324,209,5.0529467412005947e-05
324,33,-0.026300997791406301
324,49,-0.010669891161501193
324,65,-0.024684451640828303
324,81,-0.016106523627713837
324,97,-0.015562307262809232
324,113,-0.034070214977874491
323,129,-0.0095837792980253238
323,145,-0.01234496525177863
323,161,-0.028073886351003805
323,177,0.0069140603740888576
323,193,0.0073941717259621131
323,209,-0.027786612336107581
323,33,-0.012956911834900832
323,49,-0.016666694569846891
323,65,-0.01831354337407675
323,81,-0.013224566124663082
323,97,0.0068362943556641411
323,113,0.01325546380782351
322,129,-0.013573021452700385
322,145,0.013843369568699086
322,161,-0.03453593165071675
322,177,-0.0076859082623358665
322,193,-0.034718521331958553
322,209,-0.026568199248481066
322,33,-0.027876438405985107
322,49,-0.01782364280798443
322,65,-0.028467888967677171
322,81,0.018892555496085386
322,97,0.015405770387449577
322,113,-0.028519720352771144
321,129,-0.014550654769870266
321,145,-0.027616821149519234
321,161,0.0034165167128455106
321,177,-0.012242399948883247
321,193,-0.016954182813508759
321,209,-0.028381604058571881
321,33,-0.012739851261814145
321,49,0.0087392836084881076
321,65,-0.016720543732349893
321,81,-0.014544365310691433
321,97,-0.0074587477255651921
321,113,-0.028040368837190591
320,129,-0.00079794340657806545
320,145,-0.014989099659465027
320,161,-0.0072511189240845215
320,177,-0.028412634739074048
320,193,-0.027715819546673744
320,209,-0.015376364520315945
320,33,-0.017558133348694421
320,49,-0.023325314884173717
320,65,-0.013264364110159955
320,81,-0.028358088080306213
320,97,-0.012786706319692458
320,113,-0.028544256480150999
319,129,-0.010168453582292189
319,145,-0.014575838310802546
319,161,-0.023055487566180043
319,177,-0.01095682459044384
319,193,0.026610792015986491
319,209,0.012351354331507323
319,33,-0.0089657266156712295
319,49,-0.0024173115559116519
319,65,-0.025246740747755493
319,81,-0.016385689582789017
319,97,-0.028444880628926916
319,113,-0.013541508639165345
318,129,0.0051207309303685552
318,145,-0.033137940750775557
318,161,-0.020906553225622525
318,177,-0.021599011086649009
318,193,-0.023933658430317532
318,209,0.0010228525238678684
318,33,-0.0038473898728609906
318,49,-0.015699566263662514
318,65,-0.0044878104142667859
318,81,-0.030830359310434617
318,97,-0.028316789926272585
318,113,-0.027475901946374295
317,129,-0.00093339563698918151
317,145,-0.0093952368943537069
317,161,0.019409981244541109
317,177,-0.0021164314422700502
317,193,-0.0111247706612305
317,209,-0.0077895480397145054
317,33,-0.0090775877183261293
317,49,-0.027991735286358781
317,65,-0.022129586060635493
317,81,0.021272431751855992
317,97,-0.028501853874431528
317,113,0.012583287682316665
316,129,0.01368088447778611
316,145,0.0090945176427285491
316,161,-0.010136757128868811
316,177,-0.033087458559874598
316,193,0.0028278755840744304
316,209,0.0023808112139578515
316,33,-0.027980363385824179
316,49,0.021519037898869116
316,65,-0.01331578116270834
316,81,-0.013313541261391646
316,97,-0.018689032463959015
316,113,-0.02782717061871923
315,129,0.010106644651729529
315,145,-0.018824786893069531
315,161,-0.028417955094993938
315,177,-0.004985969847907978
315,193,-0.017026514567687338
315,209,0.00033756221554713718
315,33,-0.022980554492639655
315,49,0.0021467903423564808
315,65,-0.0014691086135382924
315,81,-0.0014790760751092196
315,97,0.00021191363659162375
315,113,-0.027926048233121042
314,129,-0.011935123005945155
314,145,-0.028344228342931609
314,161,-0.021267511198926028
314,177,-0.00093683708917206073
314,193,0.038446071966561426
314,209,-0.013685621376514353
314,33,0.0093850838770800984
314,49,0.0082919989013150591
314,65,-0.027317945457787776
314,81,-0.0286377184991503
314,97,0.0023713253715596763
314,113,-0.0025248828485628537
313,129,0.0060745466564880888
313,145,-0.03036753870882886
313,161,-0.018098640968746811
313,177,-0.012290041669132582
313,193,-0.014639024842455321
313,209,-0.036798044976250749
313,33,-0.023733722841905863
313,49,-0.013812844243247281
313,65,0.0087815601657736785
313,81,-0.029404590315291256
313,97,0.019200467921018986
313,113,-0.042182902867683926
312,129,0.014327658844861424
312,145,-0.029681176923604363
312,161,-0.024806707255869469
312,177,-0.023096634933543726
312,193,0.00087078617466726797
312,209,-0.022212812959855294
312,33,-0.028568569279685051
312,49,-0.0093883334492689471
312,65,-0.028294548118061084
312,81,-0.0062341567149132244
312,97,0.020210835736426049
312,113,-0.0082416504252683306
339,17,-0.020541060714067274
338,17,0.0078298043232679256
337,17,-0.0033373055829103741
336,17,0.0097248634291457574
335,17,-0.0079571679527886494
334,17,-0.028337563533534577
333,17,0.028130326882490807
332,17,-0.027991646133058226
331,17,-0.012045072953286646
330,17,-0.027440968959048826
329,17,0.030208920024732296
328,17,-0.011686685140450124
327,17,-0.0084254566974318219
326,17,-0.0054763973554750383
325,17,-0.0157762704595759
324,17,0.0033960209936769077
323,17,0.032052735726272985
322,17,0.017307438212782997
321,17,0.038163361036104973
320,17,0.00089130039711794121
319,17,0.0071544022803296092
318,17,0.012932709799378756
317,17,-0.013998778431486775
316,17,-0.00022683326834363831
315,17,0.015624305418067058
314,17,0.00042340084086751325
313,17,0.0015958824570708381
312,17,-0.0081626126883159907
339,225,-0.0032349743550775982
338,225,-0.019234897260680627
337,225,-0.020211325522117372
336,225,-0.020114639933539662
335,225,-0.025558256058497514
334,225,-0.010718299503492091
333,225,-0.01383857611676116
332,225,-0.016469836984522961
331,225,0.0080203894351134827
330,225,-0.015633773215507327
329,225,-0.028137266027469084
328,225,-0.026004300114958748
327,225,0.0018667414452854928
326,225,0.0045422960974208582
325,225,-0.010244294610430927
324,225,-0.017201049018697439
323,225,-0.016165732338744618
322,225,0.014267921691325283
321,225,0.01123232978584536
320,225,-0.0048954133351409189
319,225,-0.033142114190850343
318,225,0.0067100200671992441
317,225,-0.0059387645653850331
316,225,0.0093539928106603203
315,225,-0.0083437317466135644
314,225,-0.026218171412042062
313,225,-0.014437269719874999
312,225,0.010415001737844317
