339,129,0.017613467871875069
339,145,-0.0030582699957870819
339,161,-0.023673528286692273
339,177,-0.023271918021727938
339,193,0.011864457011720333
339,209,-0.011153484582558775
339,33,-0.023061916991810191
339,49,-0.015062345642556678
339,65,-0.0048281594262928086
339,81,-0.021703157134457099
339,97,-0.023186260453795491
339,113,0.018994217161197858
338,129,-0.020864475615790322
338,145,-0.0038963711698206289
338,161,0.011838729818541721
338,177,0.0061972375866820601
338,193,-0.024881025300925858
338,209,-0.014078605215521669
338,33,-0.0068287061043825498
338,49,-0.017458578327334311
338,65,-0.0083366927620080553
338,81,-0.0098383459812634022
338,97,-0.0096169328824291991
338,113,-0.028395015071749328
337,129,-0.0060936916135979772
337,145,-0.019282130359894019
337,161,-0.0041096002259159714
337,177,-0.0062648008390140284
337,193,-0.025363924505296561
337,209,-0.0087747802365329367
337,33,0.013810441715434408
337,49,-0.022899244515974315
337,65,-0.0020125519828015962
337,81,-0.0017520876834945646
337,97,-0.0085423234130213108
337,113,-0.026947524700201217
336,129,-0.02036292727354972
336,145,-0.024515743479261592
336,161,-0.016886118381493679
336,177,-0.01588663073708738
336,193,-0.044522301823983403
336,209,-0.0065939467178467766
336,33,0.011745160481752016
336,49,0.038231112710664344
336,65,-0.02451138045270064
336,81,0.010649590879186158
336,97,-0.028370486664172485
336,113,-0.0024833255873416946
335,129,-0.028086543218973314
335,145,-0.01407577820836799
335,161,-0.015873890907017119
335,177,-0.028620699605381928
335,193,0.0053247909481351149
335,209,-0.020915281608554832
335,33,-0.0079209136483226368
335,49,-0.025417534046534851
335,65,-0.023716623331402755
335,81,-0.021173149974434459
335,97,-0.020778503089176649
335,113,-0.026615259419773309
334,129,-0.034816115854223083
334,145,-0.0072775323615858183
334,161,-0.010363682853694734
334,177,-0.0050596164957924404
334,193,-0.024033050561899194
334,209,0.028259252965406708
334,33,-0.036667905336886672
334,49,-0.026449704318706604
334,65,-0.031893583723380102
334,81,-0.021302660997071725
334,97,-0.0026804905096381414
334,113,-0.03621435562119029
333,129,-0.016905616951669457
333,145,-0.021617099644004743
333,161,0.0035400389540982237
333,177,-0.022500886837883947
333,193,-0.017636813860659975
333,209,-0.032943330757898244
333,33,-0.030048174325600634
333,49,-0.021573174596784098
333,65,-0.0086626102781241707
333,81,-0.022358914035226028
333,97,-0.015936597767075785
333,113,-0.024133071023703635
332,129,-0.026576565071566093
332,145,-0.01301860951910694
332,161,-0.026107582927193486
332,177,-0.014191541045525738
332,193,-0.016034079888829753
332,209,-0.0081584757376228587
332,33,-0.025690207041634924
332,49,-0.014515016205619078
332,65,0.010335018789329823
332,81,-0.0041064439920751108
332,97,-0.016846150249103277
332,113,-0.02867812716447158
331,129,-0.012041889986542105
331,145,-0.0082798473458094938
331,161,-0.019847879263590232
331,177,-0.012071144216250156
331,193,-0.03713335210870089
331,209,0.015783763414905595
331,33,-0.015738600622591518
331,49,-0.021438129178704229
331,65,-0.0074462058870313347
331,81,-0.011037086544557267
331,97,-0.028415834808938226
331,113,-0.0079709865456691689
330,129,-0.018005599915882124
330,145,-0.02122543589305095
330,161,-0.028672784905512217
330,177,-0.0016185046224164216
330,193,-0.028428788272391887
330,209,-0.018392446963549282
330,33,-0.017583584877976156
330,49,-0.024736522646057572
330,65,0.00081166346702181533
330,81,-0.025246451917386035
330,97,-0.013921491519517899
330,113,-0.02318291186318449
329,129,-0.023286808131357365
329,145,-0.033378061085675682
329,161,-0.017545417189806144
329,177,-0.0045596185313590788
329,193,-0.0066665144369326811
329,209,-0.027527462217848585
329,33,-0.024069317844901142
329,49,-0.024206775979191398
329,65,-0.032753437806951224
329,81,-0.019306878136907936
329,97,-0.010526047243856178
329,113,-0.016819225544391608
328,129,0.0015874300406760434
328,145,-0.024840574793203195
328,161,-0.023286379429827898
328,177,-0.0081688428796765841
328,193,-0.035806458038719374
328,209,-0.011333848739802563
328,33,-0.026062862773921482
328,49,-0.028036848150714423
328,65,-0.025746566697989155
328,81,0.0099807558436260276
328,97,-0.020776999936304032
328,113,-0.029608456970519823
327,129,-0.013445257478627157
327,145,0.00021500153765001352
327,161,-0.029034982368113724
327,177,-0.0070070328582784933
327,193,-0.014247366606326261
327,209,-0.013565234426299847
327,33,-0.027700630498960016
327,49,0.017837638987901368
327,65,-0.025412997381657702
327,81,-0.027855657151321402
327,97,0.0022949290162428701
327,113,-0.021767933671919204
326,129,-0.028316367438357963
326,145,-0.023917026472807142
326,161,-0.027082621964200547
326,177,-0.012710694605679723
326,193,-0.026942016041013258
326,209,-0.028978098352483737
326,33,-0.026085173495711871
326,49,0.014384795425969144
326,65,-0.026548349351297629
326,81,-0.040616987249177547
326,97,0.0032455159230930881
326,113,-0.023664984403086259
325,129,-0.015751581391734194
325,145,-7.6949511603608068e-05
325,161,-0.018935587064726336
325,177,-0.027255551330814736
325,193,-0.027982091342698339
325,209,-0.0125937522957785
325,33,-0.0052430101656459321
325,49,0.00096833348571998077
325,65,-0.02667919003364342
325,81,-0.028150436325899128
325,97,-0.015364303407007777
325,113,-0.0058782399239789415
324,129,-0.0024475903198204686
324,145,0.0032084041427174401
324,161,-0.011838223052324105
324,177,-0.020083074420795859
324,193,-0.033526592731533696
324,209,0.00032021941589867705
324,33,-0.025229319388352375
324,49,-0.011744001693341104
324,65,-0.026980858441992297
324,81,-0.014562132903935564
324,97,-0.01629663135966717
324,113,-0.033853641829683492
323,129,-0.0092342499650071158
323,145,-0.01274610257527155
323,161,-0.027812517233172102
323,177,0.0082378045243283963
323,193,0.0077442304749551502
323,209,-0.02671936295460637
323,33,-0.013064239366652962
323,49,-0.017944713492795611
323,65,-0.018679043086184899
323,81,-0.013501305877704808
323,97,0.0079246109629502251
323,113,0.012860377845972248
322,129,-0.014394935167553226
322,145,0.013532345669289151
322,161,-0.027330737510168977
322,177,-0.0091055234273789507
322,193,-0.036065104376189934
322,209,-0.025251867535842715
322,33,-0.025744470048065529
322,49,-0.017744009315513502
322,65,-0.027343022660870207
322,81,0.018472032471156526
322,97,0.014899664193432976
322,113,-0.027185521647716281
321,129,-0.014873087520621218
321,145,-0.025669707713083776
321,161,0.0028950534536248476
321,177,-0.012304614322184082
321,193,-0.017696886365700236
321,209,-0.025575837147248419
321,33,-0.01270590809025135
321,49,0.0094874159203650246
321,65,-0.017854714263137606
321,81,-0.015329144884388572
321,97,-0.0087157587620444992
321,113,-0.02724044470153484
320,129,-0.00028235691545662846
320,145,-0.013187813876684941
320,161,-0.0080868334460390042
320,177,-0.029001742770084493
320,193,-0.023843079223509474
320,209,-0.014775953640013939
320,33,-0.017703760411113326
320,49,-0.022966052962013744
320,65,-0.013522325457929042
320,81,-0.030751359631564626
320,97,-0.012494927923156141
320,113,-0.026028824865280624
319,129,-0.01286669429953799
319,145,-0.01586050986089858
319,161,-0.021821756261398158
319,177,-0.012333844470601254
319,193,0.02470973400107964
319,209,0.0090808841518983333
319,33,-0.01013549913281986
319,49,-0.0044102313891287237
319,65,-0.018590123809016392
319,81,-0.017542476962888912
319,97,-0.028262492591565828
319,113,-0.01463779716043009
318,129,0.0049425188573116252
318,145,-0.031914549662908617
318,161,-0.02105956619682664
318,177,-0.020402530416458637
318,193,-0.021864484710830589
318,209,0.00027423020566309266
318,33,-0.003440651594332802
318,49,-0.015136957007588967
318,65,-0.0050579208689294046
318,81,-0.028721057543848259
318,97,-0.027170734045740788
318,113,-0.026907078212120732
317,129,-0.00183105237932823
317,145,-0.010348703508193705
317,161,0.018072140587818215
317,177,-0.0029431616313748939
317,193,-0.012020645778105845
317,209,-0.0073100354176762108
317,33,-0.0091447658733778067
317,49,-0.028313156079635856
317,65,-0.021939366690051455
317,81,0.019371941340968153
317,97,-0.027213669262273862
317,113,0.010693906223931186
316,129,0.012882768828609907
316,145,0.0068308477209425567
316,161,-0.0099100217860546586
316,177,-0.032719041384393445
316,193,0.001167474687091083
316,209,-3.551486823718782e-06
316,33,-0.026633918007873385
316,49,0.018792954376045553
316,65,-0.01280083105832552
316,81,-0.014273207660481691
316,97,-0.020432131552457121
316,113,-0.024315962994484241
315,129,0.0090956339795670547
315,145,-0.017851187176906026
315,161,-0.027269791737741751
315,177,-0.0058181386335700042
315,193,-0.014780035183222134
315,209,-0.00034086638867938132
315,33,-0.023524428837440922
315,49,0.00086836690546260233
315,65,-0.0025782803654992906
315,81,-0.0032264922191801862
315,97,-0.00087504401813418822
315,113,-0.029295275004906071
314,129,-0.012598952716777653
314,145,-0.026612264797688009
314,161,-0.022015917329518245
314,177,-0.0021444543882423641
314,193,0.037144076984720852
314,209,-0.014127019663397059
314,33,0.0088026910188289537
314,49,0.0072949926480117234
314,65,-0.025083468694404008
314,81,-0.029256595404680622
314,97,0.0013464519126614139
314,113,-0.0049074288407511876
313,129,0.0063330594043258534
313,145,-0.029743098453561469
313,161,-0.016412379566982081
313,177,-0.0098600474784343549
313,193,-0.016195674471477184
313,209,-0.036335050785724646
313,33,-0.023040306915697008
313,49,-0.014739983450095957
313,65,0.0080625874985902519
313,81,-0.031506741568980992
313,97,0.01753121166398857
313,113,-0.041066897972217943
312,129,0.014156848791607952
312,145,-0.029842299121305892
312,161,-0.025519548114180578
312,177,-0.023272751311843504
312,193,-0.0002675799129497548
312,209,-0.024860779957400752
312,33,-0.032145712547620345
312,49,-0.0099809604684877647
312,65,-0.026243149481483
312,81,-0.0082654669961574265
312,97,0.020171816934021765
312,113,-0.0094600486489179354
339,17,-0.021450507723502245
338,17,0.0075877883885014713
337,17,-0.0033364998606196703
336,17,0.0090396515914504122
335,17,-0.0092419432157675781
334,17,-0.028899699287735923
333,17,0.026669295564928908
332,17,-0.027749901150361904
331,17,-0.012991314712907718
330,17,-0.025941317470845215
329,17,0.028888222464959222
328,17,-0.012618293880004162
327,17,-0.0086890973667024946
326,17,-0.0050113436285752471
325,17,-0.016851724823112813
324,17,0.0056971994987578779
323,17,0.030656751710434645
322,17,0.016235750832002974
321,17,0.038568473059860421
320,17,-0.0012724890931427074
319,17,0.0059308012313548071
318,17,0.011094047392823297
317,17,-0.01581672850309071
316,17,-0.0014397825849075043
315,17,0.015787699810107372
314,17,0.00056644356563773774
313,17,0.0040511086519657543
312,17,-0.0086418987129460653
339,225,-0.004647117833229064
338,225,-0.019407938746163759
337,225,-0.021362657942146587
336,225,-0.019717271059529137
335,225,-0.026735094300340882
334,225,-0.01056307477799062
333,225,-0.014173174781444378
332,225,-0.017383270866237508
331,225,0.0065796650114992132
330,225,-0.016318907302013672
329,225,-0.026766823094903962
328,225,-0.0267040550615688
327,225,0.00044527755160925176
326,225,0.0018237550681434345
325,225,-0.012142331087584498
324,225,-0.019785370730499532
323,225,-0.019101755571261418
322,225,0.010838657510957528
321,225,0.008909476977662506
320,225,-0.0075721445502487895
319,225,-0.035709052324148373
318,225,0.0041630182387659533
317,225,-0.0084586655639718386
316,225,0.0067670588336698591
315,225,-0.0087931670991491136
314,225,-0.026343357578249838
313,225,-0.015623433795643871
312,225,0.0096272196634985038
