339,129,0.017289223957393858
339,145,-0.0041856529840265475
339,161,-0.025166516430292746
339,177,-0.022873180444782915
339,193,0.010870112954630608
339,209,-0.012734663626904678
339,33,-0.023431368968782666
339,49,-0.014516595363613598
339,65,-0.0049673147815726413
339,81,-0.027982244960815712
339,97,-0.017943954240523322
339,113,0.018375822259620513
338,129,-0.021746479978959579
338,145,-0.0047283094732560524
338,161,0.011339951619876072
338,177,0.0053617525716959449
338,193,-0.018000049350263815
338,209,-0.011688979977477972
338,33,-0.0073331428826160314
338,49,-0.01513267919575418
338,65,-0.0074583416749664936
338,81,-0.0088554856000168554
338,97,-0.0079526948749986913
338,113,-0.025010707945302694
337,129,-0.007709212657708687
337,145,-0.022430287575612783
337,161,-0.0081227321824023351
337,177,-0.0091707257731801425
337,193,-0.021631456138229598
337,209,-0.012771997761599633
337,33,0.010751450966052444
337,49,-0.029318970770103855
337,65,-0.0085225915721696202
337,81,-0.0034018081025560167
337,97,-0.0050516679893078658
337,113,-0.028090004810542975
336,129,-0.01865487580422372
336,145,-0.022447825791627334
336,161,-0.019806431411906876
336,177,-0.011750918493254011
336,193,-0.045835942664518931
336,209,-0.0062284995542691325
336,33,0.010864497127736699
336,49,0.035445788357511769
336,65,-0.023140989086829548
336,81,0.007416783601527371
336,97,-0.032618958979752186
336,113,-0.0011838098424681099
335,129,-0.02559462152146659
335,145,-0.012618719880817347
335,161,-0.01333077454621411
335,177,-0.0094197553018009715
335,193,0.0039443417752236037
335,209,-0.019543541823738811
335,33,-0.0050959290358983805
335,49,-0.021726105735141846
335,65,-0.019700587422479911
335,81,-0.01817126783629686
335,97,-0.016990688438453829
335,113,-0.02029640409577577
334,129,-0.036944001313465404
334,145,-0.0079854245418954656
334,161,-0.010276180798821272
334,177,-0.0051467280204708019
334,193,-0.0088594194923148732
334,209,0.021900399983453781
334,33,-0.032031062863860413
334,49,-0.023446965899404749
334,65,-0.034777477515704307
334,81,-0.021303201724417284
334,97,-0.0030988909447474955
334,113,-0.029209634578171946
333,129,-0.019332211180213266
333,145,-0.017738066881208714
333,161,0.0036949157567656827
333,177,-0.01948742167009208
333,193,-0.021781995694436576
333,209,-0.027214428552634777
333,33,-0.028798463468069656
333,49,-0.01803331975551993
333,65,-0.0067787950482317283
333,81,-0.016142198360443408
333,97,-0.018383922241979343
333,113,-0.012159514602491425
332,129,-0.025450966035621039
332,145,-0.012214463711086782
332,161,-0.026363397949730149
332,177,-0.012780055040122916
332,193,-0.013705523834535433
332,209,-0.011377897389966422
332,33,-0.021549860963262023
332,49,-0.013916635362371064
332,65,0.0065817063928951579
332,81,-0.0041488755564447607
332,97,-0.020867818450235047
332,113,-0.025118787007209042
331,129,-0.011168144829387534
331,145,-0.0079863539546316982
331,161,-0.020595542458121667
331,177,-0.013767224093367926
331,193,-0.041427323795910465
331,209,0.014063290506561422
331,33,-0.017219004538950887
331,49,-0.019169598622058394
331,65,-0.0024196915482315694
331,81,-0.014903493069280854
331,97,-0.018390054619300423
331,113,-0.0082153585064392645
330,129,-0.019095928006186053
330,145,-0.018807875144244077
330,161,-0.024964459765768447
330,177,-0.0025638957002153935
330,193,-0.0051063831605998554
330,209,-0.018688947364138665
330,33,-0.014510046791169563
330,49,-0.024966515032255634
330,65,0.0012959048498384267
330,81,-0.030789584978671472
330,97,-0.011454466310130708
330,113,-0.023915941849888645
329,129,-0.022128245529579982
329,145,-0.027795568914200867
329,161,-0.017122217938822758
329,177,-0.0043045679508222703
329,193,-0.010678988543793524
329,209,-0.027359059180602042
329,33,-0.02585919553475597
329,49,-0.018376878525337967
329,65,-0.035945934266472149
329,81,-0.025146516506712201
329,97,-0.0059962729790045931
329,113,-0.014749789872009393
328,129,0.0002889483242465964
328,145,-0.021318863233717865
328,161,-0.024938791978980922
328,177,-0.0072452590265273363
328,193,-0.029947346624361122
328,209,-0.0092950806051424507
328,33,-0.022370035703623399
328,49,-0.018074360322968896
328,65,-0.02185544848619822
328,81,0.01032389993269453
328,97,-0.016301668011995528
328,113,-0.033719031144671306
327,129,-0.014852686775033042
327,145,0.00056937709915160276
327,161,-0.023079752852706185
327,177,-0.0062701778033071986
327,193,-0.014581601992643673
327,209,-0.012928603109423115
327,33,-0.022635585677884158
327,49,0.017285759477277347
327,65,-0.024038130752718007
327,81,-0.019108391441316968
327,97,9.9893229691455296e-06
327,113,-0.018011477240443649
326,129,-0.028416720467303581
326,145,-0.022360815397024524
326,161,-0.044780203203852606
326,177,-0.017635157037909601
326,193,-0.028098221425928001
326,209,-0.019771016687501867
326,33,-0.024392315772064521
326,49,0.010638184953503649
326,65,-0.024734718847092729
326,81,-0.047612832162384072
326,97,0.00069647911627039507
326,113,-0.022355862799106979
325,129,-0.014076001401124114
325,145,-0.00058910773024115461
325,161,-0.018159234944987876
325,177,-0.029612286916288623
325,193,-0.026465555938361817
325,209,-0.012407227106570124
325,33,-0.0059566300694548959
325,49,-0.0004536069292888972
325,65,-0.023832114162136438
325,81,-0.028542501745036107
325,97,-0.015251746619317882
325,113,-0.0078185318350023625
324,129,-0.0032798906046200343
324,145,0.0017948385862576475
324,161,-0.012701218398171735
324,177,-0.027886554863914711
324,193,-0.029415970927259685
324,209,-0.00075725200250597799
324,33,-0.024283203149013471
324,49,-0.013045258003454569
324,65,-0.025267220432982053
324,81,-0.013686994817051188
324,97,-0.016044677291198267
324,113,-0.038893481712289964
323,129,-0.0090872059301128558
323,145,-0.012591953172401183
323,161,-0.017471958162074388
323,177,0.005137157768397467
323,193,0.0058335469112106558
323,209,-0.026429619648995668
323,33,-0.011715811531386783
323,49,-0.018065237739989422
323,65,-0.016857643087059962
323,81,-0.013770897285252093
323,97,0.0036990509974590261
323,113,0.0077705469153515434
322,129,-0.014555613578559437
322,145,0.009804334310520052
322,161,-0.042101853283083197
322,177,-0.0095464362786235567
322,193,-0.040792343446607135
322,209,-0.02976882988588091
322,33,-0.019317200409012414
322,49,-0.019393335380072034
322,65,-0.029885913549704241
322,81,0.013136542233257494
322,97,0.01077136947812703
322,113,-0.02769883455512729
321,129,-0.01185714676786611
321,145,-0.02140106218667838
321,161,0.0031513505042151902
321,177,-0.0084322157506570745
321,193,-0.020228560680811861
321,209,-0.0237976601473887
321,33,-0.0099296167042619218
321,49,0.010059144962920367
321,65,-0.015915068987815459
321,81,-0.014783898795619643
321,97,-0.0071462495338631311
321,113,-0.021970789477835193
320,129,-0.00081431534649569815
320,145,-0.012621562009173748
320,161,-0.0085258953830905145
320,177,-0.025774697362367344
320,193,-0.02067803405483425
320,209,-0.012500801422577049
320,33,-0.021394653517259721
320,49,-0.020831049523062934
320,65,-0.013844221651089873
320,81,-0.028999624269519995
320,97,-0.011867993358948786
320,113,-0.023521803762296858
319,129,-0.0094268986482621674
319,145,-0.015615276447939969
319,161,-0.025194380330679254
319,177,-0.010950183903008255
319,193,0.023248408246291107
319,209,0.012091579258887489
319,33,-0.0097508753183508864
319,49,-0.0029253604845764693
319,65,-0.028195015224895658
319,81,-0.016463142268686646
319,97,-0.021717267447193832
319,113,-0.013648578535266864
318,129,0.0045403370166262631
318,145,-0.023233464052576768
318,161,-0.02093944164385772
318,177,-0.019972716981391095
318,193,-0.020046964266322
318,209,-0.002468283839473737
318,33,-0.0033478099472913679
318,49,-0.015023348264219296
318,65,-0.0041282894991789641
318,81,-0.028004000558380197
318,97,-0.025384087781162596
318,113,-0.021740150297716067
317,129,-0.0014158505247508705
317,145,-0.0095708337798765062
317,161,0.018096563549000744
317,177,-0.0025712595988176394
317,193,-0.011590283370064687
317,209,-0.0052916472448543261
317,33,-0.014778029829026772
317,49,-0.029037847801049271
317,65,-0.0081437628089686791
317,81,0.017867638344605308
317,97,-0.031685563512778833
317,113,0.0080017366904582433
316,129,0.012146422178284946
316,145,0.0014018772619754868
316,161,-0.013609130849737743
316,177,-0.036859975694915351
316,193,0.00048704380242596155
316,209,-0.001711814012255239
316,33,-0.02133846815295537
316,49,0.014933748555681983
316,65,-0.016535129378836409
316,81,-0.013777209839260993
316,97,-0.019141449631512555
316,113,-0.020192345683491573
315,129,0.0078476231210894351
315,145,-0.020366151358446195
315,161,-0.030390885297471838
315,177,-0.0060336566190633822
315,193,-0.014415423653858148
315,209,-8.7205534515425332e-05
315,33,-0.020393904200143625
315,49,6.6174107105800798e-05
315,65,-0.0030634718097316627
315,81,-0.0028874793756938784
315,97,-0.00096756674854601207
315,113,-0.019005322890135692
314,129,-0.011280627950362221
314,145,-0.015715433182421752
314,161,-0.022065048295041169
314,177,-0.0028691999031665301
314,193,0.034775157871720107
314,209,-0.013446170131981145
314,33,0.0082329816925426121
314,49,0.0071304699224711606
314,65,-0.026114690497034243
314,81,-0.019511624071372285
314,97,0.00069679130468989266
314,113,-0.0050482121483885114
313,129,0.005421485786447168
313,145,-0.016068244160926726
313,161,-0.020087942404453652
313,177,-0.0088167760900076907
313,193,-0.014243757051951085
313,209,-0.04133590476421381
313,33,-0.019589743306976607
313,49,-0.015921859221783977
313,65,0.0071482743355869172
313,81,-0.031055048516974024
313,97,0.016819345185983874
313,113,-0.043992266649310496
312,129,0.013085034945490842
312,145,-0.023442780416349167
312,161,-0.024905465783842042
312,177,-0.02010337648439197
312,193,-0.0016824517160088179
312,209,-0.018795706629080262
312,33,-0.027014610969622977
312,49,-0.010428936983321686
312,65,-0.021621501426651486
312,81,-0.0083316088792298668
312,97,0.017520324919163457
312,113,-0.0080648241701199198
339,17,-0.020171342600557356
338,17,0.0071800985896986564
337,17,-0.0029246622325656362
336,17,0.0082533528036563344
335,17,-0.0088376000100364779
334,17,-0.019839557633267734
333,17,0.020781678454133364
332,17,-0.015862384850715436
331,17,-0.010483188676486677
330,17,-0.02225255543335411
329,17,0.028191402770194197
328,17,-0.01203300141124165
327,17,-0.0089819038761606938
326,17,-0.0064380389558769272
325,17,-0.017168205693853921
324,17,-0.00027954496660950127
323,17,0.028760613375224797
322,17,0.014309878544239266
321,17,0.034008719250757796
320,17,-0.0011837969009673857
319,17,0.0054451819614750362
318,17,0.0085453684544739058
317,17,-0.014556904586119166
316,17,-0.0054921854596892182
315,17,0.014065365006161314
314,17,7.056707620235747e-05
313,17,-0.0005243742812110464
312,17,-0.010701624860347803
339,225,-0.0024563485544433121
338,225,-0.017411924939739573
337,225,-0.019535193964334157
336,225,-0.018331029317966329
335,225,-0.020985083149688784
334,225,-0.0080634683026128157
333,225,-0.01158687170964815
332,225,-0.014812096226198775
331,225,0.0067356413067058618
330,225,-0.013771761682151638
329,225,-0.020263288068886637
328,225,-0.021174037510640186
327,225,0.00035039220745842689
326,225,0.0052580626137901324
325,225,-0.010921199416916196
324,225,-0.017755420109173164
323,225,-0.011684370645596577
322,225,0.0089620053664883452
321,225,0.0047022232492721664
320,225,-0.0070230614212109851
319,225,-0.035859348613615942
318,225,0.0065219765058855293
317,225,-0.0060611609423695178
316,225,0.0058091169072221451
315,225,-0.0099753170999171518
314,225,-0.027081666152599347
313,225,-0.016723184157018268
312,225,0.0074120069838774479
