339,129,-0.00022911977338512611
339,145,-0.016072007155535535
339,161,-0.020648454174180309
339,177,-0.0067127428736745778
339,193,-0.012558699238726588
339,209,0.0030653927858785945
339,33,-0.022540961206083024
339,49,-0.033449803409810554
339,65,-0.030401604022418025
339,81,-0.0070563785872203022
339,97,0.0025379470558919274
339,113,0.0083803521962978605
338,129,-0.015177521745427811
338,145,-0.0041892874671607865
338,161,-0.010419174152961326
338,177,-0.033497747084596165
338,193,0.0033844785781237683
338,209,-0.025675875136916711
338,33,-0.007579209023760837
338,49,-0.003775175592512003
338,65,-0.034856624355753131
338,81,-0.024295798077293179
338,97,0.0038970331290462488
338,113,0.014959287151615142
337,129,0.012521372050961698
337,145,0.024579056551203481
337,161,0.0096902201686628556
337,177,0.024538952016196144
337,193,-0.011349022658705056
337,209,0.0057049830507131544
337,33,-0.010277917397879834
337,49,-0.0090281511918534878
337,65,0.0061570620473275009
337,81,-0.013853815138140968
337,97,0.0023980265749305196
337,113,0.017542154551843377
336,129,-0.0054553083511841016
336,145,-0.018481595722628696
336,161,-0.0044215450513858476
336,177,-0.0081989882831775846
336,193,-0.019868356064587572
336,209,-0.019374576414606118
336,33,0.0050698494994855601
336,49,0.010925569978770108
336,65,0.0064431458006434378
336,81,-0.014319379963455016
336,97,-0.0024318195331850673
336,113,-0.0013010242026215691
335,129,0.0094705177545694706
335,145,-0.019463807970265333
335,161,-0.0094020778865233599
335,177,-0.023478011327554064
335,193,-0.0082364678897938748
335,209,-0.0046965173846928781
335,33,-0.009472570859174502
335,49,-0.0014878871835607157
335,65,0.0097055358200275662
335,81,-0.021284537787512946
335,97,-0.02396815490952087
335,113,0.0061495582206271288
334,129,0.0051368650846195622
334,145,-0.0018877038301552851
334,161,-0.028457062577603432
334,177,-0.011846812634891478
334,193,-0.019442756141821643
334,209,-0.015996914804530044
334,33,-0.02096519489994662
334,49,-0.02344335694946946
334,65,0.00036113091891732405
334,81,-0.0095310801763497429
334,97,0.001544081917678022
334,113,-0.00115782694458694
333,129,0.0030818881506822779
333,145,0.0048256749147106339
333,161,-0.0011852020654899071
333,177,-0.0019672637151370532
333,193,-0.021254469911237098
333,209,0.01607151446254277
333,33,-0.023916456653182722
333,49,-0.027662091406587618
333,65,-0.013937502081232471
333,81,-0.015129598289600175
333,97,-0.013801617428419261
333,113,-0.011401202366698379
332,129,-0.026592882951867142
332,145,0.0082262791375991001
332,161,-0.010069690862614625
332,177,-0.010993974537990937
332,193,-0.0061434760868976854
332,209,0.0010945454664143003
332,33,-0.0055898841216945796
332,49,0.00018430877071527936
332,65,-0.0051916351813291531
332,81,-0.019753882853730462
332,97,-0.0031508593802468112
332,113,-0.012191425965024991
331,129,-0.0041811848066340834
331,145,0.0061979068743442537
331,161,-0.020157059481036715
331,177,-0.0001078269495420961
331,193,-0.0092402634453225656
331,209,0.0025077281357268901
331,33,0.011083769854635833
331,49,-0.0011113672263535395
331,65,-0.0079809419951765298
331,81,-0.027158634792391903
331,97,-0.022167852731316173
331,113,0.004229624929701018
330,129,-0.0059141870226952203
330,145,-0.017182894888604968
330,161,-0.015139409044657961
330,177,-0.00058493703496815413
330,193,-0.014737951680535665
330,209,0.017650640004256788
330,33,-0.01243540184471959
330,49,-0.017623244602352373
330,65,-0.0069369224102785246
330,81,-0.0064731967089375368
330,97,-0.0012375795026153807
330,113,-0.010681463217412654
329,129,0.02339672507276018
329,145,-0.019802059072064396
329,161,0.0033566256725369018
329,177,0.0091905630261656171
329,193,0.00018977129797046773
329,209,-0.0068474342405140491
329,33,0.00081153511590541304
329,49,0.016077115662917807
329,65,-0.0039790502976218894
329,81,0.00030152951236238194
329,97,-0.014898734569358302
329,113,-0.019779086708519099
328,129,-0.023481798327719034
328,145,0.0087184904780011792
328,161,0.0061467994330591282
328,177,-0.011259405304324174
328,193,-0.0075285635766230369
328,209,-0.019466070592326249
328,33,-0.0079243978376911748
328,49,-0.0074256026473455833
328,65,0.015447935346288392
328,81,-0.012214728515882609
328,97,0.0079725628841090124
328,113,-0.0059799760883392722
327,129,-2.0557630787892568e-05
327,145,0.0012240552780292304
327,161,0.00073124480052550497
327,177,0.0039028000492221256
327,193,-0.00044336679254520969
327,209,0.0021922971427326735
327,33,-0.024572288127664495
327,49,0.022033721263512249
327,65,0.0064448895916373351
327,81,0.02426511976742312
327,97,0.0019069338941955678
327,113,-0.020534376246248806
326,129,-0.003796250558266029
326,145,0.0028944494048678392
326,161,-0.010819654901227061
326,177,-0.014987894432151764
326,193,-0.020937310436042293
326,209,-0.0097848397367683859
326,33,-0.0046989314059532362
326,49,-0.012186484742481022
326,65,-0.0078403899631626431
326,81,0.014531026155245295
326,97,-0.0078571525924190852
326,113,-0.010964244296764906
325,129,0.0048466378178612405
325,145,-0.012963518369383312
325,161,0.018907849872843187
325,177,0.0083818759018213906
325,193,0.0061647619275798119
325,209,-0.00753937970102855
325,33,0.0003935698234876924
325,49,-0.028068516407226827
325,65,-0.0050210664530754272
325,81,-0.032241339525518602
325,97,-0.0034114458023856973
325,113,0.0041145486635074868
324,129,-0.021781553819449344
324,145,0.013106563374676248
324,161,-0.020819135286285824
324,177,0.010565787436420088
324,193,0.0047290880002515082
324,209,-0.00048885066441243087
324,33,0.0036107317168734892
324,49,-0.024341880539880831
324,65,0.0051529536965801972
324,81,-0.018235924977492615
324,97,-0.013448477502597827
324,113,-0.01131236313841295
323,129,0.0027244122425380485
323,145,-0.025846964471636941
323,161,0.0027083888993098435
323,177,0.0014110603917279398
323,193,-0.028322171232349258
323,209,-0.023348076665694616
323,33,0.0088617270951676704
323,49,-0.024203873400973731
323,65,-0.024904025784084762
323,81,-0.0022702385588150263
323,97,-0.013917264127444817
323,113,-0.024134499772264388
322,129,-0.028392884351944359
322,145,-0.0037763461108279044
322,161,1.5732702891502561e-05
322,177,-0.019618996524844428
322,193,-0.0054992981490459315
322,209,-0.026787400916647577
322,33,-0.0042964220305708343
322,49,-0.013681044732038194
322,65,-0.00013720592758705399
322,81,-0.027864659957021611
322,97,-0.0076893768791920589
322,113,-0.027046426186131893
321,129,-0.036321081675624534
321,145,-0.0043417261363541976
321,161,-0.027615593936098731
321,177,-0.017295197881021893
321,193,-0.016344669889622254
321,209,-0.0108286443531279
321,33,0.016277970620451665
321,49,-0.0062946679069674277
321,65,-0.023350738049626722
321,81,0.0058969357514526803
321,97,-0.01499952694021524
321,113,-0.033713129430284601
320,129,-0.021158386513976286
320,145,-0.017908246184633353
320,161,0.00089001316775289994
320,177,-0.0098917294671029554
320,193,-0.02906343507758195
320,209,-0.010903862420239474
320,33,-0.019578374523417996
320,49,0.017581550362614981
320,65,-0.03446117934404553
320,81,0.0084941525210402886
320,97,-0.013100716533970606
320,113,-0.014678400542007294
319,129,-0.024549261254438015
319,145,-0.0074768065471337297
319,161,-0.018397339483724615
319,177,-0.024858472300297866
319,193,0.0092243771541018066
319,209,-0.0022214293477345682
319,33,0.016646732226418586
319,49,-0.023817700710947704
319,65,0.015324478608873815
319,81,-0.02209676478089884
319,97,-0.011619400896851678
319,113,-0.024925969927119384
318,129,-0.0011458188405269938
318,145,-0.03288243871069476
318,161,-0.015018287379683616
318,177,-0.010838398499086643
318,193,-0.0017132470956454345
318,209,0.00056058629031824586
318,33,-0.0060148793596186117
318,49,-0.018416822298572402
318,65,0.0010572781262971633
318,81,0.0013793335683245994
318,97,-0.016781887610992641
318,113,-0.00095960904652782342
317,129,-0.00329628180633394
317,145,0.011457825175743274
317,161,0.022634299342851959
317,177,-0.00048173337483079447
317,193,-0.0083555255327894731
317,209,0.00952095215405626
317,33,-0.029810314821345319
317,49,-0.024528738869820481
317,65,0.017044854969138833
317,81,-0.0073433138441070904
317,97,-0.010072818478728953
317,113,-0.0094368522365780375
316,129,-0.00035981312145884245
316,145,-0.013575422338510076
316,161,-0.010834285771637623
316,177,-0.014984884963169421
316,193,-0.014314400747409894
316,209,-0.015599703970305776
316,33,0.0063187882747378086
316,49,-0.0068749103558897419
316,65,-0.014545044204809838
316,81,-0.0050964355418978138
316,97,-0.014208624965519031
316,113,-0.00023390588523259769
315,129,-0.001105275801719856
315,145,-0.0048213278032740222
315,161,-0.0082470338236270528
315,177,-0.012079544416493775
315,193,-0.014643635199293823
315,209,0.0045074811922407934
315,33,-0.014937008152652222
315,49,-0.0072130070329951097
315,65,-0.0090192715276083482
315,81,-0.0041010025579477083
315,97,0.0047735042791194589
315,113,-0.04947850983051881
314,129,0.045879994910379099
314,145,-0.0094941933366228422
314,161,-0.0081548559379512244
314,177,-0.014315106301931921
314,193,-0.0094078865084010217
314,209,-0.0090834304642836081
314,33,-0.018344146274763919
314,49,-0.0097851999368282171
314,65,-0.0097107084782439967
314,81,0.0044171955694799116
314,97,-0.0040586097176632356
314,113,-0.011090700076222764
313,129,0.0010686094284525056
313,145,-0.021852614244980008
313,161,-0.0070662862569811592
313,177,-0.005639605579155947
313,193,0.019210241361602685
313,209,-0.0024422391874763805
313,33,0.0062556133907151782
313,49,-0.024653652925272582
313,65,0.0062745498191957632
313,81,-0.015809173649884708
313,97,-0.009954905872390056
313,113,-0.0071598001286115607
312,129,0.0025131323701240355
312,145,-0.015310352737077555
312,161,-0.019305438015844514
312,177,0.0041289207873933531
312,193,0.011521810471132921
312,209,-0.023044199592611107
312,33,0.00043302417724009473
312,49,0.00541431560274141
312,65,0.015476544744672192
312,81,0.021937500467205821
312,97,-0.022114875783082535
312,113,0.0027994975175903158
339,17,0.012302775092525396
338,17,-0.022450256052280522
337,17,-0.015160699984573247
336,17,-0.018105809209329745
335,17,0.026334061716432579
334,17,0.0016622596968112954
333,17,-0.0074109944498951235
332,17,-0.024082269231372969
331,17,-0.0049045136393178236
330,17,0.013322335385584546
329,17,0.0016186494713873816
328,17,-0.0031720273259923529
327,17,0.012583869117514889
326,17,-0.0021319456110383177
325,17,0.0044705715569160163
324,17,0.017726734844600609
323,17,0.0047977337791917886
322,17,0.015240960945375592
321,17,0.0035587126512890508
320,17,0.01934577949845975
319,17,0.010978781212814235
318,17,-0.019685276764901834
317,17,-0.013108704878699721
316,17,0.018185733923742019
315,17,-0.022513068681005801
314,17,0.012300933171914073
313,17,-0.0062471747005520082
312,17,0.018908645422571771
339,225,-0.011366817749324153
338,225,0.00012777002527589903
337,225,0.030008983962117767
336,225,-0.023782038594775082
335,225,-0.0071541694851865048
334,225,-0.023025917250802906
333,225,0.016585827294148939
332,225,0.0014564720050386508
331,225,-0.014376740918057103
330,225,-0.014521191787655739
329,225,0.010584079843121003
328,225,0.0071095097393651472
327,225,-0.016122665567965693
326,225,0.025896059452628954
325,225,-0.0038582340160415365
324,225,0.0032836169837180428
323,225,-0.0007694067475733442
322,225,-0.005584424063451548
321,225,0.012224010255791755
320,225,0.018103993152706131
319,225,0.028269158422299587
318,225,-0.00014669353664565607
317,225,0.0030124171693338168
316,225,-0.00096669102172203421
315,225,-0.012299036892687942
314,225,0.031469410051365589
313,225,0.013315829053924654
312,225,0.017422381949904687
