339,129,0.017839550730857922
339,145,-0.0045938105660531647
339,161,-0.024840687098291014
339,177,-0.02267547299363034
339,193,0.0087824715777767882
339,209,-0.01620578050891348
339,33,-0.027996462986409665
339,49,-0.016509591400153713
339,65,-0.0082190008687672896
339,81,-0.025953647919350474
339,97,-0.026159289968507984
339,113,0.012660095367064132
338,129,-0.021652753870540224
338,145,-0.0067079666281527044
338,161,0.0092041846076049427
338,177,0.00098810786483698502
338,193,-0.029782630749034578
338,209,-0.014853263037639777
338,33,-0.009312818111166507
338,49,-0.020432589945973439
338,65,-0.013465985001928367
338,81,-0.012609685709662356
338,97,-0.014298117500861232
338,113,-0.045307240849705326
337,129,-0.0075216613631381626
337,145,-0.022305541062803629
337,161,-0.0088441825397891326
337,177,-0.011822519112555439
337,193,-0.034077623322416935
337,209,-0.015081965304334633
337,33,0.0083477597359009753
337,49,-0.027586634722970221
337,65,-0.011886444493442505
337,81,-0.0065490288924461406
337,97,-0.0096797045468473442
337,113,-0.044065117856861791
336,129,-0.022333300836948049
336,145,-0.027399391175782509
336,161,-0.020506886659815211
336,177,-0.017845628702068964
336,193,-0.053711892277260496
336,209,-0.0092837272276461297
336,33,0.0028666702521071945
336,49,0.022807610412250198
336,65,-0.02180897890966238
336,81,-3.0040661468115799e-05
336,97,-0.049166616520495234
336,113,-0.0023889045122951432
335,129,-0.030895023720913083
335,145,-0.013166873989035145
335,161,-0.020854789055640442
335,177,-0.034426957167346103
335,193,0.0022036732133722675
335,209,-0.021637028697075174
335,33,-0.0091962965760792551
335,49,-0.031544228287650224
335,65,-0.029919495221455011
335,81,-0.026999896029715191
335,97,-0.019946938986830701
335,113,-0.038315154510512539
334,129,-0.046043497411109711
334,145,-0.011844140152182384
334,161,-0.019469349949283305
334,177,-0.0096720886909310282
334,193,-0.035050728520048445
334,209,0.011655627659332495
334,33,-0.044946626149528449
334,49,-0.029204327140744668
334,65,-0.052205577368873213
334,81,-0.026681999747883413
334,97,-0.010580929002345401
334,113,-0.052692240512107982
333,129,-0.023692495247421688
333,145,-0.032219238415225761
333,161,-0.0025634120831241696
333,177,-0.021832642322951349
333,193,-0.025824048221565914
333,209,-0.046667518408438642
333,33,-0.038212497618397928
333,49,-0.022075360877287592
333,65,-0.019245094497437637
333,81,-0.029648405488998598
333,97,-0.019340017355525062
333,113,-0.0288215456468503
332,129,-0.030777090366496646
332,145,-0.011876883894819704
332,161,-0.023577951633309668
332,177,-0.013292497703240308
332,193,-0.015095193109847438
332,209,-0.0082913589408061955
332,33,-0.028609215795826325
332,49,-0.013710306634097924
332,65,0.0060367707397901288
332,81,-0.0059268403299540234
332,97,-0.027425172427389812
332,113,-0.036682794609230004
331,129,-0.01089045828248734
331,145,-0.01105621066926038
331,161,-0.02105888345343505
331,177,-0.010471232923140904
331,193,-0.054585493937441124
331,209,0.0093204020500443057
331,33,-0.018298066094589754
331,49,-0.020617338047095039
331,65,-0.012862974972105611
331,81,-0.017820827488293434
331,97,-0.034230906803251596
331,113,-0.0138362165685338
330,129,-0.019542383955888597
330,145,-0.015186874296615815
330,161,-0.029587260221783689
330,177,-0.0044473426412662163
330,193,-0.033667184011102705
330,209,-0.013874755571626051
330,33,-0.013670872312320047
330,49,-0.023595826667753922
330,65,-0.003614131498406929
330,81,-0.027304119072583313
330,97,-0.013793025575516087
330,113,-0.024494272896690549
329,129,-0.020250362396471416
329,145,-0.03659348348768942
329,161,-0.018210802265623906
329,177,-0.0076265717060473633
329,193,-0.0087010295621363174
329,209,-0.028055649630514226
329,33,-0.024280992836877298
329,49,-0.034675178209358871
329,65,-0.054537547180787911
329,81,-0.027112951882703039
329,97,-0.016566814087404489
329,113,-0.018809336737468187
328,129,-0.0045360275693120278
328,145,-0.031056978803636125
328,161,-0.026433308195836464
328,177,-0.010523546678026343
328,193,-0.048789760497131809
328,209,-0.020383651432187219
328,33,-0.02306215991174284
328,49,-0.037658961776450867
328,65,-0.043535661727699633
328,81,0.0013564569709674271
328,97,-0.026961316721378512
328,113,-0.051070288024172024
327,129,-0.016377107380508557
327,145,-0.0012845765219662009
327,161,-0.037806799545860588
327,177,-0.008900530231549483
327,193,-0.016375882695886291
327,209,-0.012922255482136292
327,33,-0.031417455563852968
327,49,0.011839318725073569
327,65,-0.022885162517422085
327,81,-0.038651736876626944
327,97,-0.0050825022005081197
327,113,-0.025599653503551069
326,129,-0.027648336458265026
326,145,-0.020646808442222858
326,161,-0.055550809115799689
326,177,-0.018841807424274347
326,193,-0.031684776599605551
326,209,-0.03083254458777461
326,33,-0.03173014147581165
326,49,0.0037434938449963087
326,65,-0.023662348493991067
326,81,-0.058674360062656812
326,97,-0.0043555727333828764
326,113,-0.024649618811150586
325,129,-0.01162225143826616
325,145,-0.002625586708932673
325,161,-0.022299155820206324
325,177,-0.025723979016482327
325,193,-0.043144704626014239
325,209,-0.01379010919472363
325,33,-0.0062150180893871827
325,49,-0.0081418299876905992
325,65,-0.033156144673678223
325,81,-0.041615402037338975
325,97,-0.017815727781724581
325,113,-0.011094556039859284
324,129,-0.0029039848036538523
324,145,-0.0017176209756066337
324,161,-0.013336436945526409
324,177,-0.025953899467969013
324,193,-0.040125373109928045
324,209,-0.0044249942596215844
324,33,-0.032351319131344015
324,49,-0.015498806491926233
324,65,-0.028032679795889991
324,81,-0.016109089703206202
324,97,-0.018841384334429351
324,113,-0.058539735795286416
323,129,-0.012504440407451993
323,145,-0.01822682504362623
323,161,-0.037891068783408276
323,177,0.0026355865318382719
323,193,0.0048665897204648294
323,209,-0.024578897524814174
323,33,-0.012682466601667651
323,49,-0.015933984876981701
323,65,-0.022945997827844882
323,81,-0.014275721122630826
323,97,0.00034197661224565469
323,113,0.0014708835967519832
322,129,-0.012612347598909557
322,145,0.007001372082967988
322,161,-0.058417101149652803
322,177,-0.013942608993613916
322,193,-0.047897755403297805
322,209,-0.027097744541433377
322,33,-0.030238861903072567
322,49,-0.024043080085194443
322,65,-0.036960049608596737
322,81,0.0068778409219692358
322,97,0.0073293984177165358
322,113,-0.041316013389255675
321,129,-0.013048411212869824
321,145,-0.029714302597968225
321,161,-0.0015489241180410252
321,177,-0.010119493071714785
321,193,-0.024500680259901833
321,209,-0.041262913074414098
321,33,-0.018573721528227716
321,49,0.0064921578398590097
321,65,-0.016858891861064134
321,81,-0.017181625015894136
321,97,-0.011265229834993746
321,113,-0.032835224458028139
320,129,-0.0011558212726259294
320,145,-0.018629701773772971
320,161,-0.011022492708426883
320,177,-0.035050724144902942
320,193,-0.039839114608865252
320,209,-0.015794053642997002
320,33,-0.023411496651372349
320,49,-0.020752453061608906
320,65,-0.017772262387677262
320,81,-0.04988097739836371
320,97,-0.014076800297416828
320,113,-0.035104823099735054
319,129,-0.0093831938166206233
319,145,-0.017565409375256139
319,161,-0.026396093498464484
319,177,-0.01136716871605831
319,193,0.020392248210114608
319,209,0.0026796278072505849
319,33,-0.011960457722023077
319,49,-0.0074185588129251625
319,65,-0.027954359301413517
319,81,-0.01838068309314083
319,97,-0.042251357077161815
319,113,-0.018524747146009664
318,129,0.0025789556052735118
318,145,-0.048409843255180426
318,161,-0.027687062614554576
318,177,-0.02768871063906668
318,193,-0.032942786204011421
318,209,-0.008368875866825538
318,33,-0.0076703392697160316
318,49,-0.017242023041490646
318,65,-0.0088939093299689291
318,81,-0.039860128534807047
318,97,-0.034715131204698296
318,113,-0.035367486769082329
317,129,-0.0029927728143757273
317,145,-0.010673106916247621
317,161,0.013103093278299498
317,177,-0.0050627503160000416
317,193,-0.014647208745199949
317,209,-0.014508112436667041
317,33,-0.022645966990145944
317,49,-0.027972230738937551
317,65,-0.032206901156882475
317,81,0.0085289245399662542
317,97,-0.054306417029763618
317,113,7.2349600993058225e-05
316,129,0.01094301077319035
316,145,-0.00078245742680125544
316,161,-0.0082447876617882838
316,177,-0.048802712001729219
316,193,-0.0034651927894261123
316,209,-0.0012214966364198106
316,33,-0.036149942807744563
316,49,0.0076900588815823553
316,65,-0.023208016668279333
316,81,-0.02168040664641261
316,97,-0.022028242089106004
316,113,-0.032252888795237258
315,129,0.004599203841176229
315,145,-0.019447967713167948
315,161,-0.044094044274799772
315,177,-0.0090662776304745105
315,193,-0.02139747471037216
315,209,-0.0034593750682948106
315,33,-0.019883450344057495
315,49,-0.0038906553906347895
315,65,-0.0072046511269748831
315,81,-0.0064136372316511659
315,97,-0.0058448249801038325
315,113,-0.037921246852627155
314,129,-0.011470212195768707
314,145,-0.039760618338740242
314,161,-0.024798523587622544
314,177,-0.0065353959383018584
314,193,0.026524245623823089
314,209,-0.015545935000237621
314,33,0.0044466244921782631
314,49,0.0012210450349560058
314,65,-0.027063949411333513
314,81,-0.047967131740233919
314,97,-0.0054805051276144148
314,113,-0.010331460433684894
313,129,0.0045112454354862492
313,145,-0.038302828071415031
313,161,-0.019891349394945301
313,177,-0.015821520054693686
313,193,-0.015122361263560537
313,209,-0.062122801696399534
313,33,-0.030040903012560693
313,49,-0.021911587341122998
313,65,0.0011278112683569433
313,81,-0.047202687568242398
313,97,0.011848893564132781
313,113,-0.072854245098392556
312,129,0.011353803493552585
312,145,-0.040492092132202381
312,161,-0.0255711771930285
312,177,-0.020066524572698322
312,193,-0.0067955580457666866
312,209,-0.030454731513506299
312,33,-0.032157700160232075
312,49,-0.0097182953261847668
312,65,-0.033834774419019047
312,81,-0.012843943439148605
312,97,0.0092162065881255736
312,113,-0.014106550202189944
339,17,-0.017445654185734658
338,17,0.0060710681650852083
337,17,-0.0037899032436285148
336,17,0.0053838781438644064
335,17,-0.011131757838830587
334,17,-0.042627445039717764
333,17,0.013144115921783826
332,17,-0.03627403415147952
331,17,-0.013413228985662022
330,17,-0.03526621716874969
329,17,0.022432727442255579
328,17,-0.015325888595584395
327,17,-0.0090419101068187936
326,17,-0.0044666528470246498
325,17,-0.017763115660187633
324,17,-0.0038547798240120413
323,17,0.022012886437484107
322,17,0.0093317843972404307
321,17,0.023232037409028263
320,17,-0.0054323958752478876
319,17,0.0013428529396014837
318,17,0.0030724932612063616
317,17,-0.015656143982998805
316,17,-0.0053438609700662536
315,17,0.012568565238652352
314,17,-0.00062132537489190392
313,17,-0.0017971073840777315
312,17,-0.01604871726807865
339,225,-0.0033927620372466369
338,225,-0.015556130094987455
337,225,-0.018006837142287416
336,225,-0.025840439355938091
335,225,-0.019128796229938828
334,225,-0.014137823380882635
333,225,-0.0117167175646271
332,225,-0.015651723389330047
331,225,0.0017596072950407627
330,225,-0.015318730068237297
329,225,-0.033641330611229439
328,225,-0.022207246793684517
327,225,-0.0026780372535424864
326,225,0.0032195121752302191
325,225,-0.011392214593729626
324,225,-0.022187476404903806
323,225,-0.011852827833482097
322,225,0.0044106729298774893
321,225,0.0012250299468047102
320,225,-0.0090616118597708992
319,225,-0.043075666293628009
318,225,0.0014651186725084112
317,225,-0.0080696474956959089
316,225,-0.00013758827774259196
315,225,-0.0075060011762260303
314,225,-0.033506459401634894
313,225,-0.013756702312012356
312,225,0.0044352631722491759
373,129,-0.036934753745348513
373,145,-0.016143053928740644
373,161,-0.027536790975081417
373,177,-0.054876981911840789
373,193,-0.019266697461992395
373,209,-0.0044337829181215881
373,33,-0.03489539111787935
373,49,-0.036987162291882272
373,65,-0.04570128117419324
373,81,-0.030514350885902417
373,97,-0.024343829341925135
373,113,-0.010532852044914501
372,129,-0.037006591038432818
372,145,0.011470245507905159
372,161,-0.0078360553279302487
372,177,-0.011837634396956623
372,193,-0.01014087834657236
372,209,-0.038790912056933108
372,33,0.0032910709731754743
372,49,-0.027017554217299268
372,65,-0.03832680139795696
372,81,-0.03355864651637197
372,97,-0.0019019054394903722
372,113,-0.024833056878063493
371,129,-0.009131616761765304
371,145,-0.00048141689075700876
371,161,0.0037156707834486969
371,177,-0.020458337571573542
371,193,-0.012680482889656118
371,209,-0.054226184466250597
371,33,-0.0027820616190443758
371,49,-0.017151529330356751
371,65,-0.0051410343905163866
371,81,-0.010877603486888134
371,97,-0.038951076062561214
371,113,-0.033392230182027541
370,129,-0.032864937901470992
370,145,-0.024101754136620121
370,161,-0.038516904280361509
370,177,-0.012192272872793251
370,193,-0.040392037013248575
370,209,-0.014859822925325405
370,33,0.0081404496604396623
370,49,-0.018219993030909057
370,65,-0.037699001327602837
370,81,-0.034803228547367497
370,97,-0.0035557360432125723
370,113,-0.0093097412735859038
369,129,-0.015588008638464634
369,145,-0.0087093272755563809
369,161,0.013628444281294973
369,177,-0.01544130345606738
369,193,-0.039102570898388762
369,209,-0.0443910350987212
369,33,-0.010637465420164319
369,49,-0.026792780239282634
369,65,-0.028342724254013196
369,81,-0.011331399858597555
369,97,-0.0012945182145160682
369,113,0.011470013315093551
368,129,-0.025753840884238394
368,145,-0.029111401076485164
368,161,-0.010087303718601047
368,177,-0.028432702611623544
368,193,-0.03074959225390678
368,209,-0.021653183517132059
368,33,-0.010672211724741426
368,49,-0.026878677326239095
368,65,-0.028171231761346945
368,81,0.0014180754969143133
368,97,-0.01125755043224046
368,113,0.0027563192582596365
367,129,-0.012979002089309704
367,145,0.0014119190241687713
367,161,-0.037779333696214903
367,177,-0.018437226166081989
367,193,-0.03457603647846208
367,209,-0.022238711367954578
367,33,4.5305496130996014e-05
367,49,-0.018874650956814697
367,65,-0.017132310191874011
367,81,-0.046483336403542519
367,97,-0.027206915160544101
367,113,-0.0025019337189527073
366,129,-0.0049042418638278254
366,145,-0.01998866699554681
366,161,-0.023752488955403633
366,177,-0.010227980864127422
366,193,-0.00039355589872964292
366,209,-0.018809980471337372
366,33,-0.03005075023912894
366,49,-0.0025031556605350932
366,65,-0.059509419365018745
366,81,-0.015914026417892479
366,97,-0.018663491991263718
366,113,-0.01663144209118772
365,129,-0.013610346426764619
365,145,-0.030208236805950812
365,161,-0.038147968078662532
365,177,-0.033483304313459972
365,193,-0.012823071638430543
365,209,-0.026255767745516724
365,33,0.00805841194901755
365,49,-0.0071008162109955329
365,65,-0.015564541894893336
365,81,-0.025724962460769656
365,97,-0.024274410972058444
365,113,-0.02948124711711669
364,129,-0.0016320019657154968
364,145,-0.017226084655239678
364,161,-0.049762664801114818
364,177,-0.042867761889370595
364,193,-0.010766661911072256
364,209,-0.030467009337561638
364,33,-0.017060932934528282
364,49,-0.012469626328229864
364,65,-0.012469791952710745
364,81,-0.036727287919441694
364,97,-0.006907706885214927
364,113,-0.047655023110830412
363,129,-0.011531550522379639
363,145,-0.018681047336938782
363,161,-0.046473071743754896
363,177,-0.027247098504910996
363,193,-0.02536157120994793
363,209,-0.0012859452034635456
363,33,-0.002608410488637824
363,49,-0.020013229981533764
363,65,-0.011240243425901955
363,81,-0.016425336806211319
363,97,0.0022557057910427775
363,113,-0.016891561408095064
362,129,-0.012369162917071205
362,145,-0.0013089119088744024
362,161,-0.042478190121466558
362,177,-0.046027773044927681
362,193,-0.0019567743177324225
362,209,-0.0077287464298660714
362,33,-0.037153107725371684
362,49,-0.025895012074859575
362,65,-0.021061487692101779
362,81,-0.002849653903434753
362,97,-0.02858936366507786
362,113,-0.029248775349382607
361,129,-0.023720463839106507
361,145,-0.011626331388287194
361,161,-0.0054012156297561318
361,177,-0.021948216922768514
361,193,0.011303060800727228
361,209,-0.025616659318611651
361,33,0.010503318900545395
361,49,-0.013620897614029395
361,65,-0.023286595603759751
361,81,-0.016825732848620469
361,97,-0.010135511933455533
361,113,-0.011978783907498724
360,129,-0.045847724575739018
360,145,-0.017451805806919039
360,161,-0.0070082194686333799
360,177,-0.015679009356300143
360,193,-0.024384520482436826
360,209,-0.014179572632523597
360,33,-0.00096400204594522217
360,49,-0.0014491103992809583
360,65,-0.018323346359112098
360,81,-0.020434491054146249
360,97,-0.025803246532802845
360,113,-0.033831922862229115
359,129,-0.012086716450547551
359,145,-0.0034263516151595394
359,161,4.5261896537633106e-05
359,177,-0.028351273632265191
359,193,-0.00063815774345420281
359,209,-0.042920570362288323
359,33,0.0014068694686368282
359,49,-0.0014437215436688717
359,65,-0.011582831458067721
359,81,-0.011582736276548712
359,97,-0.029472357589701362
359,113,-0.0020492616089418702
358,129,0.0049050432278352034
358,145,-0.013496623366488719
358,161,-0.013538086810456748
358,177,-0.018652266687818747
358,193,-0.019758159107979192
358,209,-0.024909976092777088
358,33,-0.0095079736705045142
358,49,-0.031566337902206427
358,65,-0.017762921114916303
358,81,-0.015077159599699009
358,97,-0.0051709179328573588
358,113,-0.016541756655656329
357,129,-0.0036517789741566313
357,145,-0.022036762668313132
357,161,-0.045128046678056206
357,177,-0.010530042621885276
357,193,-0.0077863208352473619
357,209,0.0092486807952056951
357,33,-0.049127672306751052
357,49,-0.040010203699371319
357,65,0.0012736282531883307
357,81,-0.040185718869798694
357,97,-0.025948324428430029
357,113,-0.013424444280796755
356,129,-0.022954739080682407
356,145,-0.024413361412772835
356,161,-0.0081963255995473588
356,177,-0.033768509615380457
356,193,-0.0070922750699999784
356,209,-0.020895888523694114
356,33,-0.03142211315064139
356,49,-0.017065932534419827
356,65,-0.017877552930501344
356,81,-0.036430511922321933
356,97,-0.01751622830132905
356,113,-0.032588608883234504
355,129,-0.015132455761419084
355,145,-0.017008876112828513
355,161,-0.024574646922816204
355,177,-0.030631864814722725
355,193,-0.014197234434498645
355,209,-0.018940239548622961
355,33,-0.011531936411397188
355,49,-0.042949863001250234
355,65,-0.021469512151799531
355,81,-0.009406861917802968
355,97,-0.030108111572917026
355,113,-0.0087279209449880445
354,129,-0.0067544470276511455
354,145,-0.023760638094749702
354,161,-0.015790952061247903
354,177,0.0091129355001171933
354,193,-0.016066883558994757
354,209,-0.075376223070954942
354,33,0.0061494917597852182
354,49,-0.020758252734464876
354,65,-0.015652970871588772
354,81,-0.024104564378885352
354,97,-0.01801595727379026
354,113,-0.03016599982608998
353,129,-0.013840197036906339
353,145,-0.0086968302705309978
353,161,-0.018791103374835468
353,177,-0.0089524474986791714
353,193,0.0015817643569633092
353,209,-0.017570997879784177
353,33,-0.03234427527209377
353,49,-0.035220019274594318
353,65,-0.012746098321664791
353,81,-0.011055147435213335
353,97,-0.027328009658410767
353,113,-0.012093570768320077
352,129,0.0030244980591646138
352,145,-0.03377120184571835
352,161,-0.03845421253434457
352,177,-0.0014213659700321127
352,193,-0.037128856686355557
352,209,-0.02130695944165439
352,33,-0.01501310082336418
352,49,-0.036253074250718942
352,65,0.0086524050367008595
352,81,-0.011060823165049659
352,97,-0.026340380309964044
352,113,-0.030978729782274377
351,129,-0.016020448396399527
351,145,-0.0030254907454198275
351,161,-0.0046723517619921924
351,177,-0.0094389856245160868
351,193,-0.029049593598810802
351,209,-0.027591085690511184
351,33,-0.030686571356594469
351,49,-0.0080517311735056815
351,65,-0.010006224994921891
351,81,-0.028897896575286155
351,97,-0.034711166735684182
351,113,-0.018406684375042982
350,129,-0.017919807969392149
350,145,-0.030757853385864325
350,161,-5.7878084022950737e-05
350,177,-0.029909571800395277
350,193,-0.036567208497424918
350,209,-0.020180184690455929
350,33,-0.025165653032887883
350,49,-0.029020993257141706
350,65,-0.027722308781169977
350,81,-0.01021558164274302
350,97,-0.0078573529374139518
350,113,0.0079937813781317604
349,129,-0.033508983097254301
349,145,0.003168797166655744
349,161,-0.01480939417780573
349,177,-0.013856842904525851
349,193,-0.023695342707927711
349,209,-0.031885410581684759
349,33,-0.037863570524302448
349,49,-0.012817943040264231
349,65,-0.010073416484302567
349,81,-0.023645322873942658
349,97,-0.024993483750061891
349,113,-0.024420513270488487
348,129,-0.0136621431081682
348,145,-0.022133544146491754
348,161,-0.018935872004929841
348,177,-0.0077030078727869091
348,193,-0.038981396341793491
348,209,0.0043154572663001729
348,33,-0.009611517356552194
348,49,-0.022874430253101107
348,65,-0.017722341447014747
348,81,-0.011236953338154859
348,97,-0.021303401040462019
348,113,-0.010721789013177673
347,129,-0.01101047400522902
347,145,-0.020825526439441407
347,161,-0.0089606907453544833
347,177,-0.018270496238330682
347,193,-0.022477344192160808
347,209,0.001471608970233647
347,33,0.0036625816027836548
347,49,-0.012482635788009793
347,65,-0.037666491983015124
347,81,-0.032046445976380573
347,97,-0.0031177547924938721
347,113,-0.021823617918316073
346,129,0.0020152033950833429
346,145,-0.01858404964560012
346,161,-0.026973991705022307
346,177,-0.040415992274696742
346,193,-0.041771893698531667
346,209,-0.02073619799495104
346,33,-0.017280327109053951
346,49,-0.025685303727407315
346,65,-0.0099351238585091012
346,81,-0.046870482152090415
346,97,-0.017626520409648738
346,113,-0.0014424669193048548
373,17,0.0036902545084576926
372,17,0.013073639388753684
371,17,-0.022329064717844224
370,17,-0.017931155737011022
369,17,0.014749204556425312
368,17,-0.0054729951549768435
367,17,-0.026358819667277468
366,17,-0.010453906307466586
365,17,-0.022328880370352352
364,17,-0.0223292490665375
363,17,-0.0075941073831018715
362,17,-0.060891375857872354
361,17,0.022118929251787989
360,17,-0.0037446600408478537
359,17,-0.013448446786242562
358,17,0.0077414588827287509
357,17,0.0035042143855690826
356,17,0.0014850776771129094
355,17,-0.0089835230055460517
354,17,0.0051003517527635567
353,17,-0.042263791376919962
352,17,-0.010295725781453482
351,17,0.0024348828417502621
350,17,-0.011000431485965082
349,17,0.0034894309596006467
348,17,0.0036556563785645228
347,17,0.015812365785486417
346,17,-0.016244253092006063
373,225,-0.011811381017156381
372,225,0.0026844702334771781
371,225,0.012944102059023781
370,225,-0.0043538722397668227
369,225,-0.00040526739575576237
368,225,-0.0031140923008932501
367,225,0.0082650608836047339
366,225,-0.012397103840232083
365,225,-0.03159068673416851
364,225,-0.034816525788128737
363,225,-0.022874735583956883
362,225,-0.0081263178569893728
361,225,-0.011285092194235631
360,225,-0.017920962758285044
359,225,0.016663264068903158
358,225,-0.012022200499838473
357,225,-0.027016327653072488
356,225,-0.018722017728781841
355,225,0.018860840457365826
354,225,-0.018215624386827299
353,225,-0.0014920558659091798
352,225,-0.011489058523729974
351,225,-0.0069761380764263086
350,225,-0.039976633761506362
349,225,-0.01274616926795576
348,225,-0.00057830555997667179
347,225,-0.01429328554960858
346,225,-0.0018744228743255132
339,130,-0.024218603174005014
339,146,-0.036124496191032286
339,162,-0.024260507256957983
339,178,-0.039961142973635393
339,194,-0.045213648960998276
339,210,-0.030290888966535805
339,34,-0.027718510955828425
339,50,-0.020750792940825626
339,66,-0.031713217295512644
339,82,-0.042860342877605886
339,98,0.0012013407096270136
339,114,-0.01533573819283488
338,130,-0.018154023189943504
338,146,-0.015334946010528414
338,162,-0.029059240381201369
338,178,-0.027636112565314962
338,194,-0.027323015659273312
338,210,-0.031960615993271727
338,34,-0.049812240457041981
338,50,-0.015476365163502282
338,66,-0.047201808338683267
338,82,0.0041158655492384124
338,98,-0.045490590514686381
338,114,-0.012725852184244263
337,130,0.00064230641952066998
337,146,-0.012994042228289678
337,162,-0.016316738252331063
337,178,-0.04342229822586148
337,194,-0.024649289310693837
337,210,-0.03120368369411464
337,34,-0.022001114847168563
337,50,-0.0066229782289315576
337,66,-0.0033540770791216333
337,82,-0.061643129826887529
337,98,-0.01507460017166521
337,114,-0.026797296845192536
336,130,0.0042835489189259369
336,146,0.0034512634340840157
336,162,-0.039748652888585652
336,178,-0.022889480073972002
336,194,-0.030873797190308184
336,210,-0.04203029307179032
336,34,-0.023800312988275792
336,50,0.003200671904396627
336,66,-0.022989454144704123
336,82,-0.013235966624000017
336,98,-0.033153437840463075
336,114,-0.041911865021444582
335,130,-0.034142701433618
335,146,-0.0077217717829581121
335,162,-0.0010606363292626018
335,178,-0.043718712387917247
335,194,-0.02318762611946832
335,210,-0.0082884771489653876
335,34,-0.0081591833427575415
335,50,-0.020009837042308132
335,66,-0.03049215964245091
335,82,0.0046629663737106641
335,98,-0.037524232072317684
335,114,-0.013436533539903914
334,130,-0.022635330607681737
334,146,-0.031616422281179016
334,162,-0.045798562168868691
334,178,0.0032454012850591098
334,194,0.0068619017420801405
334,210,0.0027195304178990005
334,34,-0.014932900570436409
334,50,-0.017542933668113617
334,66,-0.011502920709386584
334,82,-0.036565387497868147
334,98,-0.01445080032588693
334,114,-0.047507469497127149
333,130,-0.0048943220856707201
333,146,-0.0096807422729415539
333,162,-0.021525509016819499
333,178,-0.02840380526508
333,194,-0.0066582506420781911
333,210,-0.022880143152394939
333,34,-0.018134734485884148
333,50,-0.008184732557234049
333,66,-0.021293402817505063
333,82,-0.034410807457431913
333,98,-0.021665009037973009
333,114,-0.02698670437991588
332,130,0.0027210911141489465
332,146,-0.011470366980653108
332,162,-0.030501784286857011
332,178,-0.039402908200611375
332,194,-0.036475117649113487
332,210,-0.004776644784928505
332,34,-0.02282538754191793
332,50,-0.020958972868619394
332,66,-0.022913932816675777
332,82,-0.0092605053673595165
332,98,-0.021003180566538351
332,114,-0.042251247047314894
331,130,-0.005937057115123788
331,146,0.0085509270800166997
331,162,-0.017494286297868734
331,178,-0.019570130043591132
331,194,-0.0068470437626309113
331,210,-0.043976644665051481
331,34,-0.031422761251213641
331,50,-0.0070962092271351623
331,66,-0.0086389032676297411
331,82,-0.040227804878533474
331,98,-0.029914784080252846
331,114,-0.02163086896131379
330,130,-0.028781768274005207
330,146,-0.030852875683838727
330,162,-0.01131042994282511
330,178,-0.03535727131888973
330,194,-0.026508427851888415
330,210,-0.023555799199813557
330,34,-0.019743267789855766
330,50,-0.028545211291208808
330,66,0.0045474527248861082
330,82,-0.010349211888172482
330,98,-0.015584251752385999
330,114,-0.0072004296549198913
329,130,-0.011105436826830187
329,146,-0.0030325198209411961
329,162,-0.02071729985928588
329,178,-0.024688350282872619
329,194,-0.019660615046684215
329,210,-0.001419897152178205
329,34,-0.0076031102057688791
329,50,-0.015610507598572241
329,66,-0.024640833350431973
329,82,-0.010760018521483923
329,98,-0.0075151638023967689
329,114,-0.022943390032732901
328,130,-0.002068351224846659
328,146,-0.025399630586111253
328,162,-0.020767230687617173
328,178,-0.011412707503951382
328,194,-0.019957049294434075
328,210,-0.041746387513809269
328,34,-0.041754221450895905
328,50,-0.014200811624297056
328,66,-0.027660535524641549
328,82,-0.0068056251043520826
328,98,-0.031427375098509784
328,114,-0.048163445110006288
327,130,-0.030825202222757964
327,146,-0.014496294052230014
327,162,-0.043825456136136323
327,178,-0.02219205412119642
327,194,-0.013143938727682186
327,210,-0.013981795528888235
327,34,-0.0071142635448965636
327,50,-0.03449558884672977
327,66,-0.009709943102083932
327,82,-0.026474413086183889
327,98,-0.0039907563136685814
327,114,-0.0060941170133464598
326,130,-0.016531091189917108
326,146,-0.014623106080091359
326,162,0.0027032495989073842
326,178,0.0064511130667776846
326,194,0.0015512182464673036
326,210,-0.0093314634590049364
326,34,-0.01256916450488531
326,50,-0.008262079594567269
326,66,-0.021272972773494814
326,82,-0.02378534374229024
326,98,-0.034315200891769274
326,114,0.0010334820271620342
325,130,-0.035805992894697054
325,146,0.0022006158513237545
325,162,-0.029106355894972805
325,178,-0.033287058859196139
325,194,-0.0062588659030355645
325,210,-0.00035942579433496989
325,34,-0.014160598261824926
325,50,-0.0090043836745356716
325,66,0.0016507979869795773
325,82,-0.040313177104345066
325,98,0.00054858879038310296
325,114,-0.039290260165444027
324,130,-0.014871708751248477
324,146,-0.0085264180806235677
324,162,-0.036887834417641083
324,178,-0.036580258578875632
324,194,-0.0064818803659482064
324,210,-0.0018712177945906232
324,34,-0.036991611965355942
324,50,-0.0086102304790767158
324,66,-0.015695682280639264
324,82,-0.017094683223829125
324,98,-0.014524462241488238
324,114,-0.039803154939408489
323,130,-0.011485420610480338
323,146,-0.0098059524959136259
323,162,-0.026289962267657896
323,178,0.0082511498346060815
323,194,-0.028351976336316032
323,210,0.00025974600208609089
323,34,-0.002676105897378208
323,50,-0.0051758524379690125
323,66,-0.027693895070037323
323,82,-0.0080170055464870039
323,98,-0.019796218352432348
323,114,-0.017459666268949722
322,130,-0.0073565514764816643
322,146,-0.012763937292710154
322,162,-0.0064940216329118531
322,178,-0.025908826292295951
322,194,-0.020013408956487636
322,210,3.5927102194475027e-05
322,34,-0.014244657048981882
322,50,-0.029984499579074755
322,66,-0.02111217999002148
322,82,-0.014837026517231088
322,98,-0.0092973314174671761
322,114,-0.038619819977588565
321,130,0.0043778433244065868
321,146,-0.0079712799795687572
321,162,-0.0067822045112472147
321,178,-0.018839852459536857
321,194,-0.017116002632577058
321,210,-0.026166313173177452
321,34,-0.05200021852835502
321,50,-0.036862228615349955
321,66,-0.024245810449480303
321,82,-0.011325130873703692
321,98,-0.0099848553445082561
321,114,-0.038145532484618015
320,130,-0.031277614591297923
320,146,-0.0061535195946777598
320,162,-0.026129915415900564
320,178,-0.025406506599219864
320,194,-0.032446208095927964
320,210,-0.045493613547180768
320,34,-0.018485723783216227
320,50,-0.047457852244480708
320,66,-0.03229258422728843
320,82,-0.014311126730208887
320,98,-0.01272699184764133
320,114,-0.0086603609064449631
319,130,-0.022533506594249315
319,146,-0.023087037383963786
319,162,-0.037463649768797624
319,178,-0.0091308784944469784
319,194,-0.0093433039277312554
319,210,-0.032722436111329446
319,34,-0.0071882696714517932
319,50,-0.0076072960711857521
319,66,-0.015090284381881581
319,82,-0.022575828252725801
319,98,-0.013689806265239426
319,114,-0.0099399007011981531
318,130,-0.020372691949052384
318,146,-0.016671944313750683
318,162,-0.018641180552652629
318,178,-0.0029113076507638093
318,194,-0.026398513677197033
318,210,-0.028357658960358273
318,34,-0.015738210616952186
318,50,-0.03147005016998642
318,66,-0.039694026606033612
318,82,-0.022207400198143847
318,98,-0.034324562401884764
318,114,-0.037051961281671847
317,130,-0.010158386533798148
317,146,-0.018713793279247409
317,162,-0.042503931756073449
317,178,-0.013595369595852055
317,194,-0.024219516081818094
317,210,-0.034479371003317022
317,34,-0.0021242790605383866
317,50,-0.0088997297081919134
317,66,-0.011748636894730656
317,82,-0.037682393445834891
317,98,-0.025742881613619293
317,114,-0.03258672908268042
316,130,0.0048733405025502751
316,146,-0.023608123163622076
316,162,-0.016160560385849083
316,178,-0.019429577539482632
316,194,-0.0068165594055668343
316,210,-0.014674138261709433
316,34,-0.010485304590466303
316,50,-0.029761863514006642
316,66,-0.029203182690959274
316,82,-0.021571140472031146
316,98,-0.0011405030569412464
316,114,-0.040339366021852105
315,130,-0.034034942264667495
315,146,-0.017875383316415014
315,162,0.0065064503105147853
315,178,-0.01468846537347847
315,194,-0.0026788546837603314
315,210,-0.02921586825165385
315,34,0.0085650075297501876
315,50,-0.028710165398780661
315,66,-0.021807074915655061
315,82,0.004310626019941438
315,98,-0.0063203057794440007
315,114,0.0014388159470914473
314,130,0.0012982770591782244
314,146,-0.013044962230276933
314,162,-0.0085750535423534981
314,178,-0.038828982994004162
314,194,-0.021494169101866904
314,210,-0.0029801836154255143
314,34,-0.0025485403757324501
314,50,-0.011202558727218186
314,66,0.013382206448110227
314,82,-0.014209949519924235
314,98,-0.01966735993196472
314,114,-0.020947955103815096
313,130,-0.011686938005581807
313,146,-0.0010320709680062547
313,162,-0.012735359908081518
313,178,-0.01098617268955677
313,194,-0.0040731903348626914
313,210,0.013858542387048953
313,34,-0.01029342521311886
313,50,-0.028868369753480078
313,66,-0.025383240761443347
313,82,-0.025238238936839984
313,98,-0.022469037248663622
313,114,-0.012735433764876469
312,130,-0.012333299605407279
312,146,-0.050067885192361501
312,162,-0.010130354563373455
312,178,-0.033337436239532323
312,194,-0.055935189787760436
312,210,-0.036649200194965828
312,34,-0.024096079510179252
312,50,-0.021927051040802368
312,66,0.013687091497572874
312,82,-0.0013409501684586852
312,98,-0.0079151900111143463
312,114,-0.02649426888853031
339,18,0.0074143338861942703
338,18,0.0012930076253350102
337,18,-0.018218455451472038
336,18,0.0012515023420709669
335,18,-0.0016362464954538425
334,18,-0.013025818344239192
333,18,-0.0088072077702940794
332,18,-0.0053784428105034072
331,18,0.002619863466250013
330,18,-0.024275097023804121
329,18,-0.032559688026531801
328,18,-0.0058513546458501299
327,18,-0.038047000376383866
326,18,0.013025656729253213
325,18,0.0075258476734708871
324,18,-0.016668009064344323
323,18,-0.013130862208366971
322,18,0.011926225507742388
321,18,-0.00020243174650769755
320,18,-0.0095552640857828209
319,18,-0.014838238300114867
318,18,-0.0012800098028082744
317,18,-0.030960182750844903
316,18,-0.023459105295129113
315,18,0.00035987730487222532
314,18,-0.042018962549083903
313,18,-0.024494993440426563
312,18,-0.0145130429736648
339,226,-0.020484746924227096
338,226,-0.02434598143199946
337,226,-0.013310837140019901
336,226,-0.0077740117516280531
335,226,0.0011839303831022315
334,226,-0.016026351692164653
333,226,-0.0044202709089284174
332,226,-0.012553483366062825
331,226,-0.035569488861141051
330,226,-0.008185900310122049
329,226,-0.021274025081456576
328,226,0.0070112488817156531
327,226,-0.0063985453817673706
326,226,-0.0006301999502625722
325,226,-0.0078968701473065631
324,226,0.0069150279082294507
323,226,0.00059902432166553316
322,226,-0.0099338391497791646
321,226,-0.018333227782109666
320,226,-0.0081405679047786231
319,226,-0.038743148626420081
318,226,-0.0070454400474651022
317,226,-0.026208001612033467
316,226,-0.023788516736396665
315,226,-0.011443406567257832
314,226,-0.00604360841911922
313,226,-0.034283664928729592
312,226,-0.014362541119398576
373,130,-0.049117027554791096
373,146,0.0039536259204338833
373,162,-0.052775828756742749
373,178,-0.0051901610982413001
373,194,-0.018229776146983828
373,210,-0.036995644201409827
373,34,-0.023729663291809318
373,50,-0.02146361780474202
373,66,-0.03412631629958994
373,82,-0.015269110096010598
373,98,-0.046578670062801968
373,114,-0.034459641999825916
372,130,-0.015429671464382372
372,146,-0.0025017543356728247
372,162,0.0074721860943904265
372,178,-0.015690535774126116
372,194,-0.032582013386724173
372,210,0.0096531711088410407
372,34,-0.034444821695479112
372,50,-0.0066401099039273539
372,66,-0.031340723387063174
372,82,-0.019862628197425101
372,98,-0.016612284603508609
372,114,-0.021994834602132217
371,130,-0.010204086283578247
371,146,-0.051348481906180382
371,162,-0.010986563795427284
371,178,-0.02402886285603335
371,194,-0.0032852454943884113
371,210,-0.0053938761202562586
371,34,-0.010813223621342969
371,50,-0.032676549691966449
371,66,-0.035304158209019935
371,82,-0.038212436578025075
371,98,-0.010288480304949407
371,114,-0.00061633451298620631
370,130,-0.0097245910024907432
370,146,0.010858390212315858
370,162,-0.024845693060892574
370,178,-0.019586775805156349
370,194,-0.009724130431385097
370,210,-0.0092935618862376949
370,34,-0.017942112027184553
370,50,-0.032017300814569924
370,66,-0.010630562455750767
370,82,-0.040495970603659885
370,98,-0.029445277835169394
370,114,-0.027219619143910249
369,130,-0.031993456985638644
369,146,-0.027555237674882237
369,162,-0.0019981504284955734
369,178,-0.019903079330776435
369,194,-0.036494969825694577
369,210,-0.021161171106560097
369,34,0.0067196379719795998
369,50,-0.034902497820077184
369,66,-0.014005522043008051
369,82,-0.015210002931724186
369,98,-0.042985742797430254
369,114,-0.014406086092384741
368,130,-0.018820027525521057
368,146,-0.030724534505171118
368,162,-0.028836385523444086
368,178,-0.017236147719612533
368,194,-0.017686390186815316
368,210,-0.021619134263078241
368,34,-0.032241000356918362
368,50,-0.012503803099236216
368,66,-0.021063281011033615
368,82,-0.011461567221112016
368,98,-0.031933094705115621
368,114,-0.036426781175591311
367,130,-0.0095449470303718247
367,146,-0.026984980868173355
367,162,-0.013228299968835608
367,178,0.0044106051203646321
367,194,-0.027960800737027121
367,210,-0.026596819286008846
367,34,-0.020275692870352097
367,50,-0.00064847628163405629
367,66,-0.030287244224948957
367,82,-0.022360843821814982
367,98,-0.0053444669009765165
367,114,-0.019446909039537087
366,130,-0.011091637353539902
366,146,-0.017067459398997092
366,162,0.0016360483223193973
366,178,-0.027958074865158646
366,194,-0.014048344435117956
366,210,-0.012275524788807399
366,34,-0.0046930597698086763
366,50,-0.029107504861483609
366,66,-0.030270988315330281
366,82,-0.021045374187798196
366,98,-0.003764831549045567
366,114,-0.035257469335560711
365,130,-0.013928290107572345
365,146,-0.017808629865695459
365,162,0.0040778353513411048
365,178,0.0010989745875037437
365,194,-0.026456932202249421
365,210,-0.0097892648327154407
365,34,-0.0073147856884643826
365,50,-0.024868552408277886
365,66,-0.016533100348120142
365,82,-0.033629756930141128
365,98,-0.024080345358721163
365,114,-0.0065229029627306969
364,130,-0.0016234763469415176
364,146,-0.039504143120950401
364,162,-0.0215467011013513
364,178,-0.012371199307920891
364,194,-0.014993564265816378
364,210,-0.028941257125454613
364,34,-0.038412086684356903
364,50,-0.031078833366504185
364,66,-0.039074127463325052
364,82,-0.033203516585671132
364,98,-0.017392928994479074
364,114,-0.012045099542557502
363,130,0.00071143640978753385
363,146,-0.026553548111685778
363,162,-0.015575337852216341
363,178,-0.0179443228305394
363,194,-0.009730998666557274
363,210,-0.00903688902856278
363,34,-0.0086486781564416356
363,50,0.0057044402146825502
363,66,-0.017302418004244438
363,82,-0.019238033478089393
363,98,-0.043033563543653584
363,114,-0.0054372043490491968
362,130,0.0092525521606863018
362,146,-0.017445943206480453
362,162,-0.01607221880774035
362,178,-0.030625562947016037
362,194,-0.0076078273438704149
362,210,-0.025850285036130259
362,34,-0.037182463096828357
362,50,-0.03853655081381821
362,66,-0.020401695431083722
362,82,-0.038586394529208166
362,98,-0.060524598018446105
362,114,-0.0071555421792905043
361,130,-0.0073046881238128039
361,146,-0.032171489758622045
361,162,-0.0056658760331427388
361,178,-0.023055787978918878
361,194,-0.026207597113264019
361,210,-0.029201181771617572
361,34,-0.037945234034420239
361,50,-0.042756483288410745
361,66,-0.016812392775406113
361,82,-0.0026603840595150513
361,98,-0.0071390042521387196
361,114,0.0060370654450945397
360,130,-0.029745797188376229
360,146,-0.051135962461614927
360,162,-0.0099375838667433124
360,178,-0.013700350623788261
360,194,-0.04004134335991387
360,210,-0.011727506109739758
360,34,-0.022334282582812909
360,50,-0.02366717271304326
360,66,-0.015436475312357692
360,82,-0.0271975028690336
360,98,-0.0081605015887365583
360,114,-0.029323712713939975
359,130,0.0074936123666517161
359,146,-0.0015336597244753807
359,162,-0.024849110479098987
359,178,-0.026969279905483704
359,194,-0.025279695594400839
359,210,-0.017160049241373432
359,34,-0.029132674538677485
359,50,-0.017972481249541202
359,66,-0.015682447273068292
359,82,-0.0049449730135270398
359,98,-0.049464393174489883
359,114,-0.020623845217404069
358,130,-0.0092142820894003368
358,146,-0.00089257605323780757
358,162,-0.012256350710206348
358,178,-0.012130511691517829
358,194,-0.017743671233451538
358,210,-0.0055945333392692104
358,34,-0.0078099025803185671
358,50,-0.0076035887115821332
358,66,-0.036578640588802752
358,82,-0.019872266016957615
358,98,-0.03613123006216945
358,114,-0.023722755747508924
357,130,-0.021167915394752077
357,146,0.0043982756144595857
357,162,-0.018615297677717101
357,178,-0.024531563030879413
357,194,-0.012995069983791865
357,210,-0.015485544625235052
357,34,-0.015845598667208957
357,50,-0.016746958953953082
357,66,-0.013835799811574002
357,82,-0.041508432272026149
357,98,-0.027997631089199553
357,114,-0.040066087292741803
356,130,-0.0062813859108425017
356,146,-0.0076646178037722444
356,162,-0.0080322110077855023
356,178,-0.022844550340533162
356,194,-0.0062394409890019062
356,210,-0.033362528640177545
356,34,-0.024613177164269705
356,50,-0.015749847539071646
356,66,-0.024210959513068946
356,82,-0.017870835564658086
356,98,-0.027389259304471076
356,114,-0.020188237663649865
355,130,-0.02501210903578489
355,146,-0.00067035094156450562
355,162,-0.0081514705995500199
355,178,-0.024687628481886902
355,194,-0.027529924475247169
355,210,-0.019709264891959278
355,34,-0.019354986781620519
355,50,-0.011345429864466338
355,66,-0.019709264891959278
355,82,-0.023722731252745613
355,98,-0.024227071202156222
355,114,-0.0057439866125901171
354,130,-0.0013914618462309391
354,146,-0.037577542020367713
354,162,0.00044241261083197261
354,178,-0.016596307184008344
354,194,-0.020567696560218417
354,210,-0.05897701796950993
354,34,-0.023884824995549964
354,50,-0.0023913218402180762
354,66,-0.036410276640984708
354,82,-0.032597560774381494
354,98,-0.018977517234641847
354,114,-0.040550114416524397
353,130,-0.021684022469010814
353,146,-0.044965498263304454
353,162,-0.019221459372328626
353,178,-0.0065662986298089653
353,194,-0.010203775456411161
353,210,-0.022292301800816185
353,34,0.00038447113303864098
353,50,-0.019221620265245914
353,66,-0.017514235153133374
353,82,-0.0057953919059243976
353,98,-0.015400899284019566
353,114,-0.02409184993055391
352,130,-0.032640058909293043
352,146,-0.0086476815213311509
352,162,-0.046050142647327756
352,178,-0.024255552933974699
352,194,-0.019972113112319043
352,210,-0.014581109974530722
352,34,-0.025535050884126737
352,50,-0.038373293257497373
352,66,-0.023451048839135388
352,82,-0.0058588504283566909
352,98,-0.019058787740332789
352,114,-0.015233781808703389
351,130,-0.0086793315833967582
351,146,-0.0081729369555352469
351,162,-0.021727935590698966
351,178,-0.013060005015146377
351,194,-0.0079211610611731459
351,210,-0.028845693958817167
351,34,-0.0219108332972992
351,50,-0.015182408127751221
351,66,-0.02393238353064682
351,82,-0.038335606816241916
351,98,-0.021272785768737298
351,114,-0.032268884219570956
350,130,-0.010313926923624152
350,146,-0.0094047372758597914
350,162,0.00056420989242189645
350,178,-0.0066975331740931846
350,194,-0.014361222586149983
350,210,-0.0064119596305581231
350,34,-0.0016780438328228451
350,50,-0.02949013040991709
350,66,-0.0028045200055142891
350,82,-0.051810394203723041
350,98,-0.0085815251691786013
350,114,-0.04892681601411937
349,130,-0.0064150987434801075
349,146,-0.044510845423367557
349,162,-0.01888487133692348
349,178,-0.015828333742453255
349,194,0.0014922895421178247
349,210,-0.0089890154948780998
349,34,-0.029745785704551452
349,50,-0.035321859630407244
349,66,-0.022137550316022825
349,82,0.0026968484102234476
349,98,-0.017087512173128108
349,114,0.0021351105696144029
348,130,-0.019439084667778873
348,146,-0.036033543517599388
348,162,-0.020934749062615957
348,178,-0.02573458157795417
348,194,-0.024371056284996039
348,210,-0.026373219246286599
348,34,-0.0055335141414633937
348,50,-0.0040510338326998022
348,66,-0.0082268633597905923
348,82,-0.047764708903141564
348,98,0.007234071504617621
348,114,-0.015136915529937607
347,130,-0.020243092819815685
347,146,-0.0076422508543764226
347,162,0.00025529995685303616
347,178,-0.016336503389277428
347,194,-0.01478970758833523
347,210,-0.027181408269228078
347,34,-0.019291885413731547
347,50,-0.02933360189525773
347,66,-0.020780394535900044
347,82,0.010262152055057795
347,98,-0.021820371283839658
347,114,-0.012927712869917632
346,130,5.6160188772304074e-05
346,146,-0.031915071470564133
346,162,-0.051696317544061905
346,178,-0.055786181550245915
346,194,-0.011198642891462393
346,210,-0.036221669573354806
346,34,-0.042693800904183517
346,50,-0.028341437672027636
346,66,-0.027609125570074892
346,82,-0.037979436923372287
346,98,-0.024066463020324558
346,114,0.0024606124390869118
373,18,-0.012952962958896827
372,18,-0.016055471267193897
371,18,0.007971223149590579
370,18,-0.0083421728982551648
369,18,0.0055407675165858377
368,18,0.018773976251452201
367,18,0.0080516694889262979
366,18,-0.023119924326274903
365,18,-0.012326909008474812
364,18,-0.01051926034662018
363,18,-0.028540267974439863
362,18,-0.022878909240217973
361,18,-0.021128936568464929
360,18,-0.018630577648045737
359,18,-0.01016670021059924
358,18,-0.0010895875302802606
357,18,-0.019101787186055274
356,18,-0.025168770168757584
355,18,-0.011694243734546758
354,18,-0.033704114502996138
353,18,-0.0046643721470165569
352,18,-0.019359126034083431
351,18,-0.002611207668690216
350,18,-0.002611207668690216
349,18,0.0071256264253448873
348,18,-0.020175233676072889
347,18,0.015140174549514962
346,18,-0.025235569323664421
373,226,0.0012600473157259172
372,226,-0.024175314762641734
371,226,0.0047283741152973988
370,226,-0.0094943671688982809
369,226,-0.01608830490567795
368,226,-0.0098333464077366827
367,226,-0.010045845558752365
366,226,-0.026430378438917546
365,226,-0.02742981178666096
364,226,-0.0026991801338248525
363,226,-0.021822578271933981
362,226,-0.016352320386586801
361,226,-0.0046312858463268356
360,226,-0.01456658371891021
359,226,-0.021105077183994837
358,226,-0.0072932036264218248
357,226,-0.016189137490023934
356,226,0.00086543686855603701
355,226,-0.027333526734068119
354,226,-0.018000173251542472
353,226,-0.00033881527107706223
352,226,0.0025443400028781569
351,226,-0.014609139352537661
350,226,-0.010149717923526782
349,226,-0.017024566682346996
348,226,-0.014715770461782953
347,226,-0.014800770043234882
346,226,-0.025730012264275869
339,131,-0.018193724697502162
339,147,-0.017107006203028987
339,163,-0.015055415529520538
339,179,-0.014639814489174417
339,195,-0.013538253016028614
339,211,-0.010598875077333552
339,35,-0.028856344823442886
339,51,-0.040620646258637955
339,67,-0.047665997548501496
339,83,-0.041024398050532748
339,99,-0.0085104378563987931
339,115,-0.027203146542471929
338,131,-0.0030163617998387772
338,147,-0.006516787962507104
338,163,-0.036569729216642081
338,179,-0.025438256675646982
338,195,0.0046212193848293717
338,211,-0.024053063380667511
338,35,-0.073720513723137912
338,51,-0.023685713250222881
338,67,-0.036417076126375153
338,83,-0.022954143416426528
338,99,-0.02973711292835416
338,115,-0.0065582090180191866
337,131,-0.013877622441516434
337,147,-0.0081194815837617538
337,163,-0.01330493243268391
337,179,-0.016139390618689867
337,195,0.0017899398043533701
337,211,-0.00013548562893381559
337,35,-0.015916432200637039
337,51,-0.0068462021618668116
337,67,-0.019854640742149508
337,83,-0.035890059995359866
337,99,-0.012167983177999732
337,115,-0.013920507615734918
336,131,0.011145760545473121
336,147,-0.019569398939416185
336,163,-0.029436348195601796
336,179,-0.045832898237227075
336,195,0.0074799874391864906
336,211,-0.013183210288041982
336,35,-0.0036488593831423056
336,51,-0.044716773639096839
336,67,-0.015719453708008223
336,83,-0.025457727549330286
336,99,-0.027958778831709965
336,115,-0.027152243002224876
335,131,-0.019624188510634681
335,147,0.0051021812170160986
335,163,-0.018343615430426341
335,179,0.0028262967464573654
335,195,-0.034154946430094771
335,211,-0.011330017703397532
335,35,-0.0095220171449907024
335,51,-0.030829188240710563
335,67,-0.012813514759366313
335,83,-0.056795262912539099
335,99,-0.023027272097247864
335,115,0.0068887268506031551
334,131,-0.011463427751556114
334,147,-0.014062859600556515
334,163,-0.00060619974268709658
334,179,-0.018802676437414165
334,195,-0.019538590200925035
334,211,-0.0089532725314198126
334,35,-0.023031086627282683
334,51,-0.026426558545333191
334,67,-0.010087066967316399
334,83,-0.0031521475811133451
334,99,-0.028695369658609648
334,115,-0.034097703698649312
333,131,0.011422144616811822
333,147,-0.003993170675260135
333,163,-0.026358383945442702
333,179,-0.027902755136452941
333,195,-0.011034671174994806
333,211,-0.0074763244072531205
333,35,-0.02902660048734448
333,51,-0.034181896143843218
333,67,-0.035940977187762665
333,83,-0.0097910792544630768
333,99,-0.0082728015953838687
333,115,-0.038831877494786039
332,131,-0.035178121230233374
332,147,0.0032165632177134432
332,163,-0.028346225017487747
332,179,-0.028346145738453999
332,195,-0.024658347974778543
332,211,0.010367921658590854
332,35,-0.027637165487956195
332,51,-0.013072622954678094
332,67,-0.013648331689731395
332,83,0.0057864774445421261
332,99,-0.044393151563844026
332,115,-0.017005306295849693
331,131,-0.028384429599647348
331,147,-0.0012737553804755594
331,163,-0.049983921407486483
331,179,-0.038049442271719552
331,195,-0.020077875594335545
331,211,-0.011897534619004927
331,35,-0.036190014483755688
331,51,-0.0086460506956427628
331,67,-0.0024064174427898808
331,83,-0.0091249574761179189
331,99,-0.029755356827857463
331,115,-0.019279632687301915
330,131,-0.018179047202693917
330,147,-0.00016350964653030984
330,163,-0.0067421089400197011
330,179,-0.0019358164279875334
330,195,-0.029887751229125788
330,211,0.0046034429367058493
330,35,-0.016779466828588697
330,51,-0.022880000630200851
330,67,-0.022410441018858526
330,83,-0.035347362662174579
330,99,-0.016510613499387906
330,115,0.0053300434254323981
329,131,-0.027430442962740314
329,147,-0.0093368230497075932
329,163,-0.039337504168070185
329,179,-0.023974840929915159
329,195,-0.023735333543288929
329,211,-0.0095960342823949527
329,35,0.0019937934020308233
329,51,-0.012870464039621627
329,67,-0.017895193191363006
329,83,-0.041049390259722443
329,99,-0.014600294596491977
329,115,-0.012429875461342577
328,131,-0.00038316499758333638
328,147,0.013024107846718055
328,163,0.011164160632652201
328,179,0.0023207461945290542
328,195,-0.015610901903516159
328,211,0.0029722348638788676
328,35,-0.021670863254714682
328,51,-0.0068489286287707332
328,67,-0.015121743884368634
328,83,-0.0093196398297456708
328,99,-0.027003197390898688
328,115,-0.049185187115118878
327,131,-0.032538959401406366
327,147,-0.016515640034688951
327,163,-0.043239143863907918
327,179,-0.039277931992759661
327,195,-0.015390443950121008
327,211,-0.019808434844042665
327,35,-0.017745858401435728
327,51,-0.030022145150226692
327,67,-0.030234026064612455
327,83,-0.023744004885018655
327,99,-0.022054695513208218
327,115,-0.035108805296096987
326,131,0.0015190959584784806
326,147,-0.01428611115788762
326,163,-0.026446005122010834
326,179,-0.027657106775577318
326,195,0.014964772549262486
326,211,-0.030988260317374262
326,35,-0.0029883591528750892
326,51,-0.055775343916705175
326,67,-0.017729323561010327
326,83,-0.014097647787629942
326,99,-0.015232780244291009
326,115,-0.013863277183979769
325,131,0.0070001454836378096
325,147,0.0033432569180794213
325,163,0.011686949326786137
325,179,-0.0095719152910749405
325,195,-0.0063187534843967613
325,211,-0.031997943697977094
325,35,-0.02061970499356754
325,51,-0.017950258597262028
325,67,-0.037499757724541179
325,83,-0.036921472023887784
325,99,0.0055588343624251753
325,115,-0.027326491016173616
324,131,-0.02958674992707842
324,147,-0.027232218783470968
324,163,-0.029260381246942177
324,179,-0.015724292259688254
324,195,-0.044712238524344305
324,211,-0.0064554454550128683
324,35,-0.0037605725510195405
324,51,-0.022772798755924455
324,67,-0.027603433702477396
324,83,-0.0074394197769339851
324,99,-0.016877795555212668
324,115,-0.021358466606549085
323,131,-0.016004853020809701
323,147,-0.020005899993099527
323,163,-0.024751688739821781
323,179,-0.017323490691873139
323,195,-0.032049889695563633
323,211,-0.0073841633566423953
323,35,-0.038306863746793568
323,51,0.0054893146042168453
323,67,-0.028709136180743167
323,83,-0.022304937760674499
323,99,-0.020393897960477254
323,115,-0.02917836862708317
322,131,-0.022630943639343648
322,147,-0.016622909667485398
322,163,-0.024502199521106431
322,179,0.00058011258220265613
322,195,-0.048977475317996691
322,211,-0.029298657599559984
322,35,-0.0050635242446072874
322,51,-0.022771122501831043
322,67,-0.021820175544354413
322,83,-0.040379664914238625
322,99,-0.033727750604367147
322,115,-0.0045562608195673249
321,131,-0.0075084052909389232
321,147,-0.011272815600929732
321,163,-0.029984959437516959
321,179,-0.0038664116145647491
321,195,-0.029449717729576354
321,211,-0.020517285942891053
321,35,-0.020559551665428135
321,51,-0.0035081353157962012
321,67,-0.033610464953852177
321,83,0.0081456544691801743
321,99,-0.0092433039104370431
321,115,-0.02900387591198797
320,131,-0.015167196391819515
320,147,-0.0059323159707472218
320,163,-0.016688318733382276
320,179,-0.018369701023869905
320,195,-0.020216537760325962
320,211,-0.019883917655312461
320,35,-0.013843664699000648
320,51,-0.014480488015449733
320,67,0.00022018229043586834
320,83,-0.015441823467774231
320,99,-0.0077529492827643843
320,115,-0.0080146853096133078
319,131,-0.022522804616162267
319,147,0.0075421433036170537
319,163,-0.012623973739187369
319,179,0.0081510067379563511
319,195,-0.018640910350773823
319,211,-0.020803127902844588
319,35,-0.0072804269120497339
319,51,-0.01311045350237351
319,67,-0.0010375810109093926
319,83,-0.0067625634578475698
319,99,-0.013923010685355898
319,115,-0.013963709672521873
318,131,0.00083666388783293854
318,147,-0.025584696916630029
318,163,-3.902727321954221e-05
318,179,-0.024958309862826461
318,195,-0.026890268956318301
318,211,-0.051020464989062805
318,35,-0.025495105619010163
318,51,-0.0098842787438060999
318,67,-0.02261211136651672
318,83,-0.020083773701290046
318,99,-0.026528355875110373
318,115,-0.019738057890470419
317,131,-0.0010068251717222382
317,147,-0.0057848174862083282
317,163,0.0030286604801037387
317,179,-0.017100941932921894
317,195,-0.0024163268111216871
317,211,-0.0063975914286702913
317,35,-0.026459066576484374
317,51,0.011195247774132087
317,67,-0.017229600532197235
317,83,-0.018003947741007133
317,99,-0.037801469669555124
317,115,-0.012145716409684742
316,131,-0.0167494558057401
316,147,0.013088253054906065
316,163,-0.030177990282258128
316,179,0.011441492230538216
316,195,0.0067424949071192815
316,211,-0.011453915660649737
316,35,-0.040615872061619117
316,51,-0.017818634820356272
316,67,-0.0069231199503522996
316,83,-0.01193865327289593
316,99,0.015499975664956808
316,115,-0.026012277738008713
315,131,-0.028084462935649212
315,147,0.00057901970676001873
315,163,-0.023564387128713997
315,179,-0.019019378275113939
315,195,-0.02379622984853583
315,211,-0.0043756000823290987
315,35,-0.030257930357614871
315,51,-0.010064614152449226
315,67,-0.019826389808243996
315,83,-0.054287730134213272
315,99,-0.031632950270257539
315,115,-0.03267522985190989
314,131,-0.016269226220123126
314,147,-0.031487185892013533
314,163,-0.024396370955056763
314,179,-0.041312976066758759
314,195,-0.045285100602456219
314,211,-0.048769476645276706
314,35,-0.018424260988139693
314,51,0.0061500699476266726
314,67,0.011289941202298972
314,83,-0.010974631848898235
314,99,-0.034820174761288521
314,115,-0.006857440057348489
313,131,-0.0032509721915962384
313,147,-0.017158585919681633
313,163,-0.027452669621291927
313,179,-0.00049008596118375338
313,195,-0.0079439196395853506
313,211,-0.035686117528824689
313,35,-0.025838931298825061
313,51,-0.017922521386732091
313,67,-0.046412457554828992
313,83,-0.028948841353629098
313,99,-0.02863008249325677
313,115,-0.013796628766388448
312,131,-0.016730312202914106
312,147,-0.014790291731366459
312,163,-0.032626607003083834
312,179,-0.020317973344707536
312,195,-0.016462495352019241
312,211,-0.012659046125356619
312,35,-0.021184281988142928
312,51,-0.036931445637486834
312,67,0.0083680326936350878
312,83,-0.013656195206172644
312,99,-0.026793845201435035
312,115,-0.0038304978021854808
339,19,0.0084206713239155535
338,19,-0.028585872374199767
337,19,0.0059027188189907046
336,19,-0.017377307888310569
335,19,-0.004360021286405274
334,19,-0.0093650430654185855
333,19,-0.028451820506409983
332,19,-0.019699713717713205
331,19,-0.014125039554541766
330,19,-0.015453710133979276
329,19,0.0016368239991417094
328,19,-0.029485102684446089
327,19,-0.01104180212488046
326,19,0.0079069892252623276
325,19,-0.058089012473560707
324,19,-0.014698820639023748
323,19,0.021381077302356759
322,19,0.0058639366849742372
321,19,-0.0080933862215368055
320,19,-0.0061941632594174545
319,19,-0.0060681941786958861
318,19,0.0056629734168590845
317,19,-0.0074585969175031399
316,19,-0.0046869342771778304
315,19,-0.0064968923523603698
314,19,-0.013406619774626368
313,19,-0.0043437669302840839
312,19,-0.0089443690107546842
339,227,-0.041601074598767669
338,227,-0.038189017111261284
337,227,0.0029671670017818062
336,227,-0.012331937998960853
335,227,-0.0082135660796651862
334,227,-0.010389744009826474
333,227,-0.021500560538119731
332,227,-0.0064809039659344059
331,227,-0.027174191815600341
330,227,-0.0044703042171960168
329,227,-0.032370452804936625
328,227,-0.039475877052566048
327,227,-0.013826596442529881
326,227,-0.016293170999161839
325,227,-0.018568410077134955
324,227,-0.0061587089981234439
323,227,-0.007541532973050085
322,227,0.004633966334381053
321,227,-0.017449434065244341
320,227,-0.035284201878534524
319,227,-0.028844284371412884
318,227,-0.019305489021558601
317,227,-0.029595700821822887
316,227,-0.011496923411842176
315,227,-0.019422659298434685
314,227,-0.033102641164108701
313,227,-0.05328880013539717
312,227,-0.033007718983459326
373,131,-0.028971973223241652
373,147,-0.038109074719205639
373,163,-0.014103665035625341
373,179,-0.0090327843742441603
373,195,-0.050294127119469796
373,211,-0.021247816994870192
373,35,-0.0052246079812702439
373,51,-0.022640260948096066
373,67,-0.047313859824123401
373,83,0.00070870175187355425
373,99,0.012188265858201168
373,115,-0.015508534235972392
372,131,-0.0049121799699247716
372,147,0.010679368050447507
372,163,-0.004735621010083655
372,179,-0.017488942340924064
372,195,-0.032631440302208929
372,211,-0.037700393375052529
372,35,-0.035306736285109136
372,51,-0.0037735933543924902
372,67,-0.040374003122957837
372,83,-0.022417176701521407
372,99,-0.022466178062882612
372,115,-0.019435445208013047
371,131,-0.02360544807372306
371,147,0.0046765415270684707
371,163,-0.023787852968176555
371,179,-0.014928197300037358
371,195,-0.027082270383649819
371,211,-0.018907741084259522
371,35,-0.015979594362412312
371,51,-0.0015645184015348472
371,67,-0.0057755841497745333
371,83,-0.0073212823263315513
371,99,-0.042908324777730822
371,115,-0.01323418691660945
370,131,-0.039844590256242908
370,147,-0.025878424746243731
370,163,-0.010653300367059575
370,179,-0.051402648640805002
370,195,-0.026019132664335337
370,211,-0.034172533080598089
370,35,-0.019119345936635366
370,51,-0.035690889037628362
370,67,-0.0077899136524711967
370,83,-0.0011466270480078771
370,99,-0.021093781638722123
370,115,-0.0046324689745181249
369,131,-0.034500224222792468
369,147,-0.019344710449086127
369,163,-0.019536170516139907
369,179,-0.017400571486715154
369,195,-0.022886407058870607
369,211,0.0011574333237034887
369,35,-0.00094442406396292493
369,51,-0.024874244081515381
369,67,-0.035206259276246148
369,83,-0.034494485071391044
369,99,-0.025527125683790449
369,115,-0.0075644829726635287
368,131,0.0014257797572975346
368,147,-0.046390611379318242
368,163,-0.01380675746911755
368,179,-0.0082908844747645073
368,195,-0.042245703128998162
368,211,0.0033399246478849763
368,35,-0.03705693953448929
368,51,-0.032839109430637649
368,67,-0.0095282468700107811
368,83,-0.020087705148686946
368,99,-0.033648218131059504
368,115,-0.029500562030407674
367,131,-0.023821492326597093
367,147,0.0076546059577498587
367,163,-0.01878461138580435
367,179,0.014069110681669954
367,195,-0.0096572573390438649
367,211,-0.026218625732951403
367,35,-0.022666240001366255
367,51,-0.0068058577291740356
367,67,-0.0092528668276185191
367,83,-0.0091183147060345977
367,99,-0.021819281900446803
367,115,-0.019706092649505964
366,131,0.015408583649228331
366,147,-0.014212468635548099
366,163,-0.014722971433816316
366,179,-0.036486510920058536
366,195,-0.055244301763108294
366,211,-0.044372706804198796
366,35,-0.003854071508392102
366,51,-0.052122586841107259
366,67,-0.040020457390852492
366,83,-0.0094784494231676709
366,99,-0.0068610662961999637
366,115,-0.021513618811255804
365,131,-0.025297997893399687
365,147,0.0078810874030252765
365,163,-0.006080986877454478
365,179,-0.016852270426925199
365,195,-0.02900734186712314
365,211,-0.024828438282057358
365,35,-0.025436742121685611
365,51,-0.024083995307752116
365,67,-0.01370952865777684
365,83,-0.0044631971572337168
365,99,-0.040857845118624087
365,115,-0.010325323683597665
364,131,0.0036314319559203343
364,147,-0.015640055555757572
364,163,0.0018824945558206711
364,179,-0.035350113234243544
364,195,0.009906891867634696
364,211,-0.032240230866066609
364,35,0.0046676381921566413
364,51,-0.014665683784632001
364,67,-0.02185888455014148
364,83,-0.041364161997236019
364,99,-0.06516484923695183
364,115,-0.022696774370336657
363,131,-0.012598522059185836
363,147,-0.011642641099165577
363,163,-0.012389688184442317
363,179,-0.039746872857078897
363,195,-0.0466151027126969
363,211,-0.01389128981752699
363,35,-0.03036470961057464
363,51,-0.030827356925025126
363,67,0.008439436108331734
363,83,-0.015445326989677939
363,99,0.0092556511319132808
363,115,-0.028477936624712666
362,131,-0.024651665193711949
362,147,-0.032329726633425288
362,163,-0.053434428475824816
362,179,-0.029503932682936013
362,195,-0.023760814862805721
362,211,-0.018994382054958556
362,35,-0.012820022385479954
362,51,-0.014405174284111061
362,67,-0.012775316513446657
362,83,-0.018429312328572034
362,99,-0.042348266655893682
362,115,-0.021811983426463281
361,131,-0.011227718298792575
361,147,0.0048056546771152245
361,163,-0.012384050440522815
361,179,-0.024598537411275188
361,195,-0.034089217106679115
361,211,-0.027641072601924246
361,35,-0.0092873315060722529
361,51,-0.021203253431264328
361,67,-0.01310099545592211
361,83,-0.017250766489120804
361,99,-0.031706116257548669
361,115,-0.030922909766513438
360,131,-0.016630006330976752
360,147,-0.022072941589742226
360,163,-0.0098411229200850939
360,179,-0.013312268726903227
360,195,-0.030003136783505569
360,211,-0.0055605986664417004
360,35,-0.031753665605688396
360,51,-0.01934968496653227
360,67,-0.027307191607638254
360,83,-0.013227978416993977
360,99,-0.010464579846666372
360,115,-0.015047979242605383
359,131,-0.013497233751702835
359,147,-0.0090002716073253747
359,163,-0.019950867728986844
359,179,-0.035916756455766717
359,195,-0.026558990264840699
359,211,-0.0081766650785403978
359,35,-0.023378119885783755
359,51,-0.024835303121772036
359,67,0.0007798370168627855
359,83,-0.017257431095791507
359,99,-0.016981820056678851
359,115,-0.039031480475806478
358,131,-0.040416653629643189
358,147,-0.0099673063703432131
358,163,-0.024325823921750846
358,179,-0.020253317298835886
358,195,-0.00080930660570845939
358,211,-0.0064218001443779411
358,35,-0.0084593642353284117
358,51,-0.026409079841745557
358,67,-0.0065873473420940236
358,83,-0.028622574569024509
358,99,0.0014944993768376898
358,115,-0.0091280493493169478
357,131,-0.023045640214596281
357,147,-0.024949417244944642
357,163,-0.018653755987867171
357,179,-0.015250146321612904
357,195,0.0044899872228481678
357,211,-0.016944009168763593
357,35,-0.027061940882940731
357,51,-0.015334487484012458
357,67,-0.016689157387377477
357,83,0.0011650720215226624
357,99,-0.017071732512919126
357,115,-0.022427465747216581
356,131,-0.018296886995254703
356,147,-0.033272980816424907
356,163,-0.0093365135835607026
356,179,0.011687230139966233
356,195,-0.036638293170006352
356,211,-0.023503363118766153
356,35,-0.0084344219928049521
356,51,-0.034655938308179479
356,67,-0.018551071333956642
356,83,-0.0038841266122926947
356,99,-0.0077391254266174535
356,115,-0.029536896013115897
355,131,-0.010301972716384097
355,147,-0.031443350612515332
355,163,-0.020428309783885532
355,179,-0.040733520709153558
355,195,-0.0032433243650404975
355,211,0.0037137094711229071
355,35,-0.041451241263612083
355,51,-0.030866075442968526
355,67,0.00087780838824356544
355,83,-0.031443031650734581
355,99,-0.0091352202840172189
355,115,-0.017312760077692686
354,131,-0.016713598003404179
354,147,-0.013754997088019012
354,163,-0.0083214339299885615
354,179,0.0029182166352524821
354,195,-0.0055042751049296157
354,211,-0.016458055126452001
354,35,-0.034169548896267762
354,51,-0.004490089849196556
354,67,-0.015821270971941075
354,83,-0.028441529375815643
354,99,0.0050516644361048094
354,115,-0.01885426472566977
353,131,-0.044563710096737728
353,147,-0.010717948552358456
353,163,-0.049177205644093204
353,179,-0.0059153594887831852
353,195,-0.026535621547418269
353,211,-0.026692193890986402
353,35,-0.031331195471671423
353,51,-0.030517135423973909
353,67,-0.032534502372671428
353,83,-0.048365830490288829
353,99,-0.046633074442272854
353,115,-0.019852550634103159
352,131,-9.4443345203417558e-05
352,147,0.0028149230974172284
352,163,-0.060669409369948843
352,179,-0.034682929002588125
352,195,-0.034129171598060774
352,211,-0.0057498930747250333
352,35,-0.025152899688462561
352,51,-0.0057084716713447945
352,67,-0.022390416410772856
352,83,-0.0052119120583661045
352,99,-0.025992471538297323
352,115,-0.017730525183052424
351,131,-0.0061636039720294588
351,147,-0.0039987116755570333
351,163,-0.023703634046338663
351,179,-0.04829879824525235
351,195,-0.022177378452000313
351,211,-0.012763334173746697
351,35,-0.026085680927681331
351,51,-0.031169734113894856
351,67,-0.019776142855053275
351,83,-0.016314351278508235
351,99,-0.019875294151497146
351,115,-0.0097188551259029393
350,131,-0.021444287738625622
350,147,-0.030713173823096081
350,163,-0.024764621431398563
350,179,-0.03061795374483274
350,195,0.0022015533384645118
350,211,-0.013471633203865095
350,35,-0.021087745551824921
350,51,-0.0030346594924100427
350,67,-0.012330792845959544
350,83,-0.014236029185201992
350,99,-0.027890259787223537
350,115,-0.06535307127681117
349,131,-0.011627461802694009
349,147,-0.031406990297520913
349,163,-0.007393605198117585
349,179,-0.02746935125325508
349,195,-0.016500717102469798
349,211,-0.048083586578349879
349,35,-0.008135587903626517
349,51,-0.010207650997020576
349,67,-0.02627480813267654
349,83,-0.011208746112114996
349,99,-0.027100689830166943
349,115,-0.019443769541925709
348,131,-0.0091516238923076195
348,147,0.01401417306367056
348,163,-0.024910687671829058
348,179,-0.010206472143907533
348,195,-0.0047244654681276328
348,211,-0.033815997483851876
348,35,-0.020829489235113872
348,51,-0.041733589215839854
348,67,-0.012574318004803001
348,83,-0.019643386351336403
348,99,-0.0044847294296774982
348,115,-0.041981147469974028
347,131,-0.0075573028102110468
347,147,-0.013372448729243104
347,163,0.0071036386301007119
347,179,-0.013544943579543695
347,195,-0.0076817363863166347
347,211,-0.013804068946512652
347,35,-0.0079750248546757024
347,51,-0.020061562584951929
347,67,-0.0072632117298913838
347,83,-0.02046675297127962
347,99,-0.022237855846086944
347,115,-0.012770257421752718
346,131,0.0014986193969559235
346,147,-0.040613756686710779
346,163,-0.01978273930865691
346,179,-0.019951628270038303
346,195,-0.030430240911010487
346,211,-0.013828401999305543
346,35,-0.024395773660281426
346,51,-0.026746647812468338
346,67,-0.01071975176654196
346,83,0.0079501938688744112
346,99,-0.043823443631208325
346,115,-0.027493230666432129
373,19,-0.034852998142072829
372,19,-0.023808851017057001
371,19,-0.01745639707827017
370,19,-0.0068380748532044311
369,19,-0.0145951062411145
368,19,-0.0083432516910037311
367,19,0.0040145787928124515
366,19,-0.022177968356845885
365,19,0.0054404702471218171
364,19,-0.030674020416137805
363,19,-0.00314769609731054
362,19,-0.012542031006988004
361,19,-0.014895870910704814
360,19,0.013867432509305829
359,19,-0.039901248148806072
358,19,-0.0096415836243641962
357,19,0.0014019690569619691
356,19,-0.028090530004349371
355,19,0.0083597564867003635
354,19,-0.050616680215415689
353,19,-0.012219674602070317
352,19,0.0069263714074952352
351,19,0.021412904829789393
350,19,-0.0031037431134026327
349,19,0.00087267212956223996
348,19,0.014529525558792765
347,19,-0.0060569516277448002
346,19,-0.011093715328580838
373,227,-0.0245268418412883
372,227,-0.016800898897310471
371,227,-0.0024507560140386102
370,227,-0.0088138065252466036
369,227,-0.00037727559735648572
368,227,-0.016894182785998656
367,227,-0.011576046978084903
366,227,-0.022544954613713301
365,227,0.011296736910699181
364,227,-0.010321691973821361
363,227,-0.0089463026533345945
362,227,-0.0040734309030363274
361,227,-0.013559571608127584
360,227,-0.0061662195679552511
359,227,-0.049607470185249976
358,227,0.011009848821006639
357,227,-0.0046558502164572024
356,227,-0.016707815250836526
355,227,-0.0074382019634052967
354,227,-0.019868745556728264
353,227,-0.0076438450407012781
352,227,-0.010707573445150912
351,227,-0.015979846902280444
350,227,-0.018042964072941172
349,227,-0.02928987102540041
348,227,-0.0098140969213516838
347,227,-0.023249630432746131
346,227,-0.036958048622791999
