339,129,0.018025636468637536
339,145,-0.0027732073566530289
339,161,-0.019874152638867888
339,177,-0.023020197090735155
339,193,0.011545068350869632
339,209,-0.013727813442796373
339,33,-0.022543042622690527
339,49,-0.014288735678264422
339,65,-0.0044844395835237421
339,81,-0.024157592727624307
339,97,-0.018748325685905388
339,113,0.018669060009658362
338,129,-0.020341589996629217
338,145,-0.0031656240838897698
338,161,0.012393833243517848
338,177,0.0066453880353184785
338,193,-0.024771429291188841
338,209,-0.013062859901100957
338,33,-0.005515093293776154
338,49,-0.016095811088121834
338,65,-0.0071903511622562772
338,81,-0.008366074479008211
338,97,-0.010058170043105533
338,113,-0.028535640923140905
337,129,-0.0063723787576389201
337,145,-0.01919726475059232
337,161,-0.0048895676216101384
337,177,-0.006946635683181962
337,193,-0.027826245833351301
337,209,-0.010215118603471718
337,33,0.013209671272335296
337,49,-0.025613597131531253
337,65,-0.0044667370898597526
337,81,-0.0029800387317205162
337,97,-0.0072155143618220117
337,113,-0.028270730437639169
336,129,-0.021612317484054788
336,145,-0.02212117270235904
336,161,-0.016670752906124808
336,177,-0.011632435817976659
336,193,-0.040313314803116021
336,209,-0.0048303877005453008
336,33,0.012943272849178173
336,49,0.038142844765188727
336,65,-0.022480963139087345
336,81,0.009301961958481918
336,97,-0.029067231355650872
336,113,0.0014235060935042093
335,129,-0.027546314032277516
335,145,-0.01386959753206719
335,161,-0.013902862281076763
335,177,-0.027684382206006348
335,193,0.0051188553924060671
335,209,-0.019498171541855271
335,33,-0.006653793170680454
335,49,-0.027770636623869065
335,65,-0.021506952577739574
335,81,-0.018976670304130857
335,97,-0.021190115124218756
335,113,-0.027838537645546876
334,129,-0.034186074617638611
334,145,-0.0057801478113150579
334,161,-0.0099727390490222615
334,177,-0.0043283123957595683
334,193,-0.02366631098913255
334,209,0.027816156803366278
334,33,-0.029014473878621817
334,49,-0.028227025442166917
334,65,-0.031370957987581917
334,81,-0.020964102732014697
334,97,-0.0014310884278099574
334,113,-0.029036003834656866
333,129,-0.015790845487973836
333,145,-0.021440792783142801
333,161,0.0045444853213613169
333,177,-0.021544316488056301
333,193,-0.018573014158511449
333,209,-0.028577293871439473
333,33,-0.028487540898884021
333,49,-0.021420225532186851
333,65,-0.0068772464266652214
333,81,-0.027045076359735774
333,97,-0.016371453395684719
333,113,-0.024407155884529044
332,129,-0.027720071415972131
332,145,-0.01243274795243678
332,161,-0.026096531451144885
332,177,-0.013765638468999114
332,193,-0.015272157605331465
332,209,-0.0098207897702928693
332,33,-0.028140577133929617
332,49,-0.013880709379072447
332,65,0.011455402939631697
332,81,-0.0039771111871924952
332,97,-0.0166523580399443
332,113,-0.028298173838375344
331,129,-0.011540759899890037
331,145,-0.0084010335293482705
331,161,-0.01889066310894371
331,177,-0.011553407464470086
331,193,-0.036919242659635594
331,209,0.015438920432494712
331,33,-0.016510882019292242
331,49,-0.021943010820508438
331,65,-0.0058836605234918486
331,81,-0.01291612704882282
331,97,-0.027714570500669555
331,113,-0.0081779130526875854
330,129,-0.019228960880292131
330,145,-0.021440654409365743
330,161,-0.028261769469045385
330,177,-0.001753721719880505
330,193,-0.02823618743716836
330,209,-0.016151711820348264
330,33,-0.016225703859330129
330,49,-0.025797907411416972
330,65,0.0019353381962747434
330,81,-0.027941441121131221
330,97,-0.012037084176873884
330,113,-0.024927713280622394
329,129,-0.022831279553539592
329,145,-0.028467983920987289
329,161,-0.015995041507025166
329,177,-0.0034513199499315778
329,193,-0.0088858238632983921
329,209,-0.026159256237013026
329,33,-0.026011891287128972
329,49,-0.024040557510878694
329,65,-0.033503548652157954
329,81,-0.02464890897314078
329,97,-0.0094804627147762818
329,113,-0.015391287168021909
328,129,0.0016385036393462031
328,145,-0.024294292432540422
328,161,-0.024162112634032999
328,177,-0.0082548588545682186
328,193,-0.028930897241150669
328,209,-0.011331409467057031
328,33,-0.02531319910994936
328,49,-0.027712260488604853
328,65,-0.028130457031000162
328,81,0.010544035390527322
328,97,-0.020226109103969003
328,113,-0.029825321225373246
327,129,-0.01269738038120936
327,145,0.00094502246422162729
327,161,-0.028850262957630469
327,177,-0.0052610668727645178
327,193,-0.013718673743840858
327,209,-0.012894873110295788
327,33,-0.028475231182334131
327,49,0.017503331391810397
327,65,-0.026267644252579388
327,81,-0.028219593196883799
327,97,0.0040210424378695556
327,113,-0.019546935026298968
326,129,-0.027247705882673903
326,145,-0.02274876589599336
326,161,-0.033762842131881181
326,177,-0.015509721618591418
326,193,-0.028475810699010486
326,209,-0.026003265505348056
326,33,-0.025819360386330432
326,49,0.015360024383200801
326,65,-0.025673325392123681
326,81,-0.034683624180835267
326,97,0.0043005081824919302
326,113,-0.022469835153535088
325,129,-0.015463868053311939
325,145,-5.8205715637546953e-05
325,161,-0.017306927942376427
325,177,-0.028116432423570661
325,193,-0.02818102973662311
325,209,-0.012164262689986617
325,33,-0.0041175258878866144
325,49,-1.9422634068807555e-06
325,65,-0.028668771965703048
325,81,-0.028447861518086377
325,97,-0.014406003860808246
325,113,-0.0043368256504611354
324,129,-0.0027906223890953969
324,145,0.0032813599867569892
324,161,-0.011100341672577504
324,177,-0.027640710630364228
324,193,-0.029409400733787255
324,209,-3.2124987275003286e-05
324,33,-0.026352399924364875
324,49,-0.010768142214803465
324,65,-0.024657408984788593
324,81,-0.016030204873825189
324,97,-0.015716955692661724
324,113,-0.034168460562079589
323,129,-0.0095008268352680166
323,145,-0.01250882596609211
323,161,-0.028053564521494795
323,177,0.0068235909178365473
323,193,0.0073735741284456117
323,209,-0.02778384069525958
323,33,-0.013020248710388807
323,49,-0.016745541913995857
323,65,-0.01825413888252448
323,81,-0.013280141570453733
323,97,0.0067168148647747264
323,113,0.013124387799326283
322,129,-0.013616856153439428
322,145,0.013751779847040251
322,161,-0.034278606363848212
322,177,-0.0077832173963119054
322,193,-0.034724086221296295
322,209,-0.026692170537973934
322,33,-0.02782823967534492
322,49,-0.017806179083927773
322,65,-0.028664016411908511
322,81,0.018738166295275704
322,97,0.015266582618387895
322,113,-0.02876503757144399
321,129,-0.014574297526350815
321,145,-0.027479247065642899
321,161,0.0032941896548371258
321,177,-0.012127488187697115
321,193,-0.017094520060432737
321,209,-0.028252299945701085
321,33,-0.012618765981053987
321,49,0.0085490610888993117
321,65,-0.016846849889182475
321,81,-0.014626549779995722
321,97,-0.0075910869977067492
321,113,-0.028084268859237309
320,129,-0.00082934322568639272
320,145,-0.014907471323728593
320,161,-0.0073062509619325009
320,177,-0.02807455704204791
320,193,-0.027745281998697652
320,209,-0.015413742896720813
320,33,-0.017478503327401518
320,49,-0.0234492308778977
320,65,-0.013323436748208246
320,81,-0.028686274657422791
320,97,-0.01283986869001659
320,113,-0.02831402914348078
319,129,-0.010049879491076868
319,145,-0.01462171529023538
319,161,-0.023060533014368129
319,177,-0.011077722516048626
319,193,0.026403432462306441
319,209,0.01217004959311869
319,33,-0.0090339647229761132
319,49,-0.0025966071731033514
319,65,-0.025190241042132123
319,81,-0.016486371136847582
319,97,-0.028115957751640622
319,113,-0.013678552515683109
318,129,0.0050376137691016077
318,145,-0.033158940496331828
318,161,-0.021012897451744075
318,177,-0.021534173763440738
318,193,-0.024047734161894263
318,209,0.0010447109742874451
318,33,-0.0039285735690178913
318,49,-0.015800107503486253
318,65,-0.0046385649812372334
318,81,-0.031010009583040128
318,97,-0.028232364742502684
318,113,-0.027354177373523986
317,129,-0.00087436233680942708
317,145,-0.009408105360237241
317,161,0.01935346018740056
317,177,-0.0021153757694810579
317,193,-0.01120504943927696
317,209,-0.0077605927374335519
317,33,-0.0091756380968832478
317,49,-0.027920786955557365
317,65,-0.022213816303584776
317,81,0.021209956549016834
317,97,-0.028500793211499363
317,113,0.012471424240023968
316,129,0.013694318465122673
316,145,0.0090147730755008957
316,161,-0.010267741897483775
316,177,-0.033050107166138258
316,193,0.0027678923279407129
316,209,0.0023109509091407856
316,33,-0.028024493001904734
316,49,0.021417586993987082
316,65,-0.013093231242743922
316,81,-0.013133564244506657
316,97,-0.018768779618274372
316,113,-0.028466181139737305
315,129,0.009988643458356667
315,145,-0.018787858277498549
315,161,-0.028604588736847597
315,177,-0.0051283119580249796
315,193,-0.01712841590674433
315,209,0.00022148132987476522
315,33,-0.023124915465951787
315,49,0.0019661999585248056
315,65,-0.0016154876189155714
315,81,-0.0016737422613397205
315,97,2.1265686028430306e-05
315,113,-0.028386468012279197
314,129,-0.012025663746632182
314,145,-0.028505940069427835
314,161,-0.021350552413739701
314,177,-0.0010086106666080783
314,193,0.038340515723569418
314,209,-0.013785552451022054
314,33,0.0093245867822840355
314,49,0.0082070786928211976
314,65,-0.027399109786785055
314,81,-0.028696333234518721
314,97,0.0022620178887249884
314,113,-0.0026940660568870174
313,129,0.0060648406082672952
313,145,-0.030303960395223529
313,161,-0.018045274365150882
313,177,-0.012328142046854347
313,193,-0.014723533379794445
313,209,-0.03675897367216404
313,33,-0.023820250971972125
313,49,-0.013929521254207773
313,65,0.0086729180675094407
313,81,-0.029489108551983473
313,97,0.019041740251881368
313,113,-0.042172310762121669
312,129,0.014265517911216491
312,145,-0.029626256792644457
312,161,-0.024879097855020679
312,177,-0.023213751003778996
312,193,0.00073947138520588326
312,209,-0.02196094625854474
312,33,-0.028748380998184754
312,49,-0.0095782164702959728
312,65,-0.028049044948680033
312,81,-0.0063187703278543518
312,97,0.020164984544857309
312,113,-0.0084456164937765331
339,17,-0.020501545575170095
338,17,0.0077126984898187355
337,17,-0.0034119517821044262
336,17,0.0096218863349454998
335,17,-0.0080803254033082472
334,17,-0.028434478177295986
333,17,0.028015239912236745
332,17,-0.028159057179425784
331,17,-0.01227451722432381
330,17,-0.027578218294796151
329,17,0.030174878756470683
328,17,-0.01189416134524241
327,17,-0.0084411647094472346
326,17,-0.0054489295323233771
325,17,-0.015782184546839762
324,17,0.0033548538917243511
323,17,0.031939393394192536
322,17,0.017262358756634972
321,17,0.038088984055841456
320,17,0.00076240151826353539
319,17,0.007054685054669798
318,17,0.012679953146388799
317,17,-0.014139330969440365
316,17,-0.0001855908122231761
315,17,0.015628084423257194
314,17,0.00035417524506233011
313,17,0.001532703416008746
312,17,-0.0083022800380629681
339,225,-0.0032909995580682871
338,225,-0.019298664452253485
337,225,-0.020290549795602974
336,225,-0.020038525258280999
335,225,-0.025737591676751548
334,225,-0.010733650654850315
333,225,-0.01397756204387199
332,225,-0.016683684979944619
331,225,0.007842978971503026
330,225,-0.015809275586220507
329,225,-0.027971030425660997
328,225,-0.026237287383731395
327,225,0.0019892602134176781
326,225,0.0044380377199754201
325,225,-0.01027204191418297
324,225,-0.017375759763709111
323,225,-0.016344242904144581
322,225,0.014186578756704132
321,225,0.011160544635918222
320,225,-0.0050282561865155166
319,225,-0.033158357982635646
318,225,0.0066382322426307922
317,225,-0.0061210740942475939
316,225,0.0091375310386660122
315,225,-0.0083062232197251389
314,225,-0.026180679500113359
313,225,-0.014448605244300443
312,225,0.010353071679879875
