339,129,-0.00075807702862893409
339,145,-0.013890512202860942
339,161,-0.017567652478472612
339,177,-0.0037888034205048049
339,193,-0.010183186982252417
339,209,0.0058961828785326431
339,33,-0.02100136701187523
339,49,-0.029476134661061471
339,65,-0.023627108135376412
339,81,-0.0028075082216640827
339,97,0.0058309145103444433
339,113,0.011737161170532095
338,129,-0.015461643656980835
338,145,-0.0046784878199521282
338,161,-0.0099168873530973249
338,177,-0.031514875360082725
338,193,0.005151995065986314
338,209,-0.02258724809141463
338,33,-0.0087505095342125562
338,49,-0.0017450712268037476
338,65,-0.031800228792478298
338,81,-0.021337418692875646
338,97,0.0060461365214066363
338,113,0.016844514662954654
337,129,0.012149473595290641
337,145,0.024633681286710292
337,161,0.010452570068987905
337,177,0.026566315479884129
337,193,-0.0098040967763113902
337,209,0.0059139742584101863
337,33,-0.011482473137656794
337,49,-0.0083307621975055868
337,65,0.0079317586868697856
337,81,-0.011941256277860754
337,97,0.0043322522434263927
337,113,0.018845110342635512
336,129,-0.0059075264448575724
336,145,-0.018002120259456557
336,161,-0.0037638835357518166
336,177,-0.005712595767099103
336,193,-0.018537384943143147
336,209,-0.017344589812406427
336,33,0.0047979437996105868
336,49,0.012507707230456654
336,65,0.0084727675087940598
336,81,-0.010923911483465526
336,97,0.00017879543881237905
336,113,0.0006583297346862845
335,129,0.0095604759053420276
335,145,-0.018418678478870337
335,161,-0.0080292116829890157
335,177,-0.022361895370561369
335,193,-0.0065081532702002095
335,209,-0.0021074401626787293
335,33,-0.010099409715661417
335,49,0.00050687174544955071
335,65,0.01251635697495055
335,81,-0.018220514375020952
335,97,-0.021709346892609106
335,113,0.0082391765302726253
334,129,0.0056713167924607646
334,145,-0.0013612077322531348
334,161,-0.025910701308283941
334,177,-0.010492544744975072
334,193,-0.017122937868721176
334,209,-0.014292347147116566
334,33,-0.021491640793843175
334,49,-0.021832314525988099
334,65,0.0024538932117692206
334,81,-0.0063013553868998982
334,97,0.0038932358533180214
334,113,0.00063323856759554126
333,129,0.003389244771590623
333,145,0.0058177559973527151
333,161,0.00014328120625293711
333,177,7.6554135328958596e-05
333,193,-0.017602220171684429
333,209,0.018630337374652316
333,33,-0.023563869138178175
333,49,-0.025525475440752933
333,65,-0.012579145942981004
333,81,-0.011889656533787166
333,97,-0.01244653414362978
333,113,-0.0091643332159301472
332,129,-0.02599294780699505
332,145,0.0072866312963611301
332,161,-0.011733604881683611
332,177,-0.014288173970557459
332,193,-0.0083708891805581477
332,209,-0.0019190408019321775
332,33,-0.0067599230714798248
332,49,-0.0020850893182005311
332,65,-0.0067134994063828002
332,81,-0.023338788661872716
332,97,-0.0059300337175479181
332,113,-0.014850316801919302
331,129,-0.0048669898298247319
331,145,0.0062228033293569331
331,161,-0.018816968287350456
331,177,-0.00024403052537489214
331,193,-0.0093613643673162057
331,209,0.0030907704891366306
331,33,0.0098704740590934738
331,49,0.00014653643591576362
331,65,-0.0072208299441040187
331,81,-0.024530724151041277
331,97,-0.020180179806406004
331,113,0.0053796443992597132
330,129,-0.0043447218385230203
330,145,-0.016163164039676343
330,161,-0.014271617876586783
330,177,6.3288007311475963e-05
330,193,-0.013976158475740219
330,209,0.018407054726377471
330,33,-0.0098778869754698323
330,49,-0.017344543230168413
330,65,-0.0060539640303477072
330,81,-0.0056461841523127547
330,97,-0.0010962071303048321
330,113,-0.010612092475114462
329,129,0.02421898098217844
329,145,-0.019622178270282509
329,161,0.003587625981931384
329,177,0.0090846389645395011
329,193,0.00038021800930219084
329,209,-0.0068035140024159859
329,33,0.0010316378927030063
329,49,0.015854617439762287
329,65,-0.0045267084792599719
329,81,-0.00028812655292599198
329,97,-0.01587176463918764
329,113,-0.019671884896843149
328,129,-0.022509343260014397
328,145,0.0087672554922740391
328,161,0.0066403540811811688
328,177,-0.011129218969532454
328,193,-0.0078042692017743463
328,209,-0.01995864966755902
328,33,-0.0084680693909179178
328,49,-0.009110904549979721
328,65,0.014954882566122913
328,81,-0.012930791555049491
328,97,0.0066471745986710403
328,113,-0.0072998405631441738
327,129,-0.00074887950125716515
327,145,0.0014774619614982428
327,161,-0.0005132671971910007
327,177,0.0037113972859065345
327,193,-0.00046731109183824164
327,209,0.00092868041594680725
327,33,-0.026661148666276925
327,49,0.021703930944377659
327,65,0.0056557290659340342
327,81,0.023778813634441519
327,97,0.0010974854911928161
327,113,-0.021586658862346536
326,129,-0.0051544474899837241
326,145,0.0014716764848021631
326,161,-0.013528580223925508
326,177,-0.01643867710910692
326,193,-0.022956638472150018
326,209,-0.011499451749137852
326,33,-0.0061961721615095616
326,49,-0.014097013270280772
326,65,-0.010442481540647738
326,81,0.013229380415718393
326,97,-0.0093727347397174199
326,113,-0.013468721183508987
325,129,0.0048762116350333099
325,145,-0.012446538235824214
325,161,0.019892562070731434
325,177,0.0082700072476711937
325,193,0.0056178733243753779
325,209,-0.007729735453806702
325,33,0.0008599243486905546
325,49,-0.027117868642329165
325,65,-0.0051884442466414212
325,81,-0.032082248155126052
325,97,-0.0039122701067654114
325,113,0.0037676294021068146
324,129,-0.021039331969844088
324,145,0.013512910499385687
324,161,-0.021340499036142966
324,177,0.010255686397102561
324,193,0.0038430681853407634
324,209,-0.0013835414959153126
324,33,0.0025874729597531619
324,49,-0.024912140334521483
324,65,0.0040949199359236388
324,81,-0.019011018136307224
324,97,-0.014515095789908276
324,113,-0.012069457836336041
323,129,0.0024471870426093075
323,145,-0.024789925058708105
323,161,0.0030965508489368423
323,177,0.00098361985517338765
323,193,-0.024069585568913969
323,209,-0.023003809288857865
323,33,0.0095320155786485679
323,49,-0.024789672612455137
323,65,-0.025086293170701678
323,81,-0.002770671274104422
323,97,-0.014313069373706373
323,113,-0.033419899571100552
322,129,-0.028283110323333183
322,145,-0.004628745247220574
322,161,-0.0011724199130934213
322,177,-0.019991089271235832
322,193,-0.0069143734817329536
322,209,-0.02865421886648863
322,33,-0.0037359735130137808
322,49,-0.014504324292496184
322,65,-0.0033859532516466472
322,81,-0.024866785635739967
322,97,-0.010676906769004348
322,113,-0.026034724783636727
321,129,-0.033341205699372455
321,145,-0.0050580084021040949
321,161,-0.026875795765992225
321,177,-0.018915565622986304
321,193,-0.017817858449488529
321,209,-0.011725269626670899
321,33,0.017292839810094936
321,49,-0.0072332169779185376
321,65,-0.023899042820766658
321,81,0.003657905265530829
321,97,-0.015702585144893411
321,113,-0.034110036343016251
320,129,-0.020816851257324603
320,145,-0.018739901457410835
320,161,-0.0004045143496772788
320,177,-0.010629201347563151
320,193,-0.028665756680523839
320,209,-0.010984828802010526
320,33,-0.018133471771436913
320,49,0.01690839400857988
320,65,-0.034018867413712212
320,81,0.0073079953340191182
320,97,-0.013367985985870726
320,113,-0.015507606086666039
319,129,-0.023672099607581376
319,145,-0.0084686000686197884
319,161,-0.01936410443473888
319,177,-0.028404234804065998
319,193,0.0079537233889547688
319,209,-0.0043385989803330881
319,33,0.015893150172430742
319,49,-0.024368838228121883
319,65,0.013893015433601802
319,81,-0.02301895539497004
319,97,-0.013158878022876004
319,113,-0.029220028617458
318,129,-0.001333604781486698
318,145,-0.03157836188915749
318,161,-0.014494062580487308
318,177,-0.010556638359615714
318,193,-0.002132704397118977
318,209,0.00025216110058068087
318,33,-0.0041243382237412807
318,49,-0.018266375998650781
318,65,0.00092307589763645256
318,81,0.00067145965473989263
318,97,-0.015926740057578343
318,113,-0.0010924826738269904
317,129,-0.0041909953356926502
317,145,0.010981403381781309
317,161,0.022367363526953225
317,177,-0.0022541357772427454
317,193,-0.0099223777154981395
317,209,0.0084094049219692255
317,33,-0.028638542031507928
317,49,-0.026109395663987692
317,65,0.016207126431658416
317,81,-0.0087960405952951463
317,97,-0.012168689311629118
317,113,-0.010976496780256898
316,129,-0.00014413685718060997
316,145,-0.013419823826855113
316,161,-0.010600660554466746
316,177,-0.015558666302221707
316,193,-0.012716186848211165
316,209,-0.015000772606614268
316,33,0.0089088100342131649
316,49,-0.0059077607599150811
316,65,-0.01361530219656768
316,81,-0.0042382123889608747
316,97,-0.013774374680182496
316,113,-0.00036958676670710024
315,129,0.00014481721860609383
315,145,-0.0030074763903490073
315,161,-0.0069574379557181196
315,177,-0.011364130320758489
315,193,-0.012981208669424697
315,209,0.004741376093900752
315,33,-0.012878352090850202
315,49,-0.0068715530889032622
315,65,-0.0085599540390311323
315,81,-0.0048071476639317138
315,97,0.0045497584637668514
315,113,-0.049345931953012317
314,129,0.048355820195478648
314,145,-0.0096262002800985794
314,161,-0.0091548290000217723
314,177,-0.014798946744563328
314,193,-0.010506211296169143
314,209,-0.0097839968121401395
314,33,-0.018530298589257074
314,49,-0.010375907172037513
314,65,-0.011605891915730913
314,81,0.0036299503936193527
314,97,-0.0036035597959667405
314,113,-0.011935039412276182
313,129,-0.00031902961807392946
313,145,-0.022682698481025096
313,161,-0.0084037129238236797
313,177,-0.006086256838813307
313,193,0.018726110407623248
313,209,-0.0034602529974296688
313,33,0.0066345844585780156
313,49,-0.028643555981205521
313,65,0.0052865988399974067
313,81,-0.01663562961756206
313,97,-0.011743289399242209
313,113,-0.009341969230659301
312,129,0.0037705928650178162
312,145,-0.014723550858175047
312,161,-0.019166623695648428
312,177,0.0053850856438493761
312,193,0.011752339780788263
312,209,-0.023282446632569252
312,33,0.0021969499512359877
312,49,0.0049307800911130226
312,65,0.01558365327822874
312,81,0.022769555211156065
312,97,-0.022295708182222356
312,113,0.003047868116337111
339,17,0.012262217692035331
338,17,-0.02332164700781942
337,17,-0.015245049655025818
336,17,-0.017855358750093954
335,17,0.027093684934071185
334,17,0.00061473155571777516
333,17,-0.0071558247427773178
332,17,-0.024106617606768136
331,17,-0.0054320700628311324
330,17,0.014373655195086833
329,17,0.0011714490458321761
328,17,-0.0043940155751284555
327,17,0.012524118139811042
326,17,-0.0027455109256501794
325,17,0.0038080234276594007
324,17,0.018526216861722251
323,17,0.0048562025789019407
322,17,0.01507578873500685
321,17,0.0046407294886343046
320,17,0.01965886351193797
319,17,0.010573182461886073
318,17,-0.019473711403777592
317,17,-0.013595522919950743
316,17,0.016893378088205121
315,17,-0.023332609150859666
314,17,0.013157015726393688
313,17,-0.0064142967887820179
312,17,0.02005199663955768
339,225,-0.01190899526453224
338,225,-0.00027960642896543387
337,225,0.030930905492171167
336,225,-0.024587005524996632
335,225,-0.0084267199390735473
334,225,-0.02344968056027965
333,225,0.017082798235907318
332,225,0.00079646812887667327
331,225,-0.014973068268461714
330,225,-0.015584444520390095
329,225,0.010505366461379983
328,225,0.0060806171932970381
327,225,-0.016398720224268092
326,225,0.025537817056143601
325,225,-0.0047158159476793898
324,225,0.0030938331554568894
323,225,-0.0013812151438311333
322,225,-0.0060212203176226746
321,225,0.011014148851619695
320,225,0.018332730327216988
319,225,0.028894746156316382
318,225,-0.0009286486395299866
317,225,0.0027077021010630266
316,225,-0.0024207115158718143
315,225,-0.011787280071330205
314,225,0.034776615886927487
313,225,0.01454638312653196
312,225,0.0191814534019559
