339,129,0.017642436050376305
339,145,-0.0028813420206246151
339,161,-0.020818971499632785
339,177,-0.022903905739938606
339,193,0.011563225532109967
339,209,-0.014151594835990964
339,33,-0.023993371697711732
339,49,-0.014457193309851376
339,65,-0.0052418471307260402
339,81,-0.024879094283862136
339,97,-0.019703519259801707
339,113,0.01897630162389569
338,129,-0.020424397672493603
338,145,-0.0030853406565117991
338,161,0.012410723931719971
338,177,0.0069409392407675328
338,193,-0.024063646347924312
338,209,-0.013142543261735796
338,33,-0.0056979926214655247
338,49,-0.015551867581078429
338,65,-0.0068423039378744128
338,81,-0.0082508922989776336
338,97,-0.0094092151665397944
338,113,-0.027662000991339794
337,129,-0.0056747310125835138
337,145,-0.018633794615240347
337,161,-0.0041381025988518755
337,177,-0.0063090151127491098
337,193,-0.026295629366166192
337,209,-0.0091896031158025023
337,33,0.013721997671329349
337,49,-0.02488875843870627
337,65,-0.0043833857899185169
337,81,-0.0017090805728181748
337,97,-0.0087135759931732271
337,113,-0.029011596373522183
336,129,-0.022405669140318041
336,145,-0.022676125497150892
336,161,-0.017329793325344862
336,177,-0.011266736093039681
336,193,-0.043913098008561871
336,209,-0.0051122744493398457
336,33,0.012382306877404643
336,49,0.038114111324370391
336,65,-0.023298589601285721
336,81,0.0086966142229818241
336,97,-0.031465014481339829
336,113,0.00066308982847917627
335,129,-0.027339551201905649
335,145,-0.013269193851615213
335,161,-0.012738055429660444
335,177,-0.027034652724019611
335,193,0.0054125653968496524
335,209,-0.019749738930087451
335,33,-0.0063523338424732257
335,49,-0.026772098686356445
335,65,-0.02133407222584998
335,81,-0.018652441735499573
335,97,-0.021012149825981066
335,113,-0.026651415889047854
334,129,-0.03506543137713692
334,145,-0.0071570909007026839
334,161,-0.010429456496730523
334,177,-0.004977893918199864
334,193,-0.023990371019084307
334,209,0.026963725254045966
334,33,-0.030762128133028366
334,49,-0.029179285689613598
334,65,-0.031486090207116048
334,81,-0.021071647936982272
334,97,-0.0019154291298477742
334,113,-0.029054882332524616
333,129,-0.016625086146437297
333,145,-0.021505058618339245
333,161,0.0038569990236722103
333,177,-0.022103270665186591
333,193,-0.018792758449397613
333,209,-0.028359735935842085
333,33,-0.02988642731073049
333,49,-0.021055228402963783
333,65,-0.0077890211593497835
333,81,-0.025780420663371415
333,97,-0.016402304566009638
333,113,-0.024203744450357053
332,129,-0.027998528865170024
332,145,-0.012628290691119906
332,161,-0.026495391732540272
332,177,-0.013799074103086645
332,193,-0.015541989152445623
332,209,-0.010690976001776577
332,33,-0.027917159959961971
332,49,-0.013666735947005753
332,65,0.011962347594670296
332,81,-0.0034073625437988004
332,97,-0.016416595375708075
332,113,-0.027481389823383558
331,129,-0.011671535701229948
331,145,-0.0077036907337058149
331,161,-0.019233023734090918
331,177,-0.011151047351429529
331,193,-0.036728221234577807
331,209,0.015670655899889491
331,33,-0.016650147076654399
331,49,-0.02094843516550908
331,65,-0.0057334924916319198
331,81,-0.012407539430958599
331,97,-0.027059605677835927
331,113,-0.0067980107551622896
330,129,-0.019361762159912692
330,145,-0.020713138469690643
330,161,-0.027986864882487451
330,177,-0.0012610737294944225
330,193,-0.027475276195604709
330,209,-0.015398054313408982
330,33,-0.015551912512941102
330,49,-0.025704360270512049
330,65,0.0024399888416704193
330,81,-0.027063906111710043
330,97,-0.012026298030403991
330,113,-0.023953584339347026
329,129,-0.022960521794542055
329,145,-0.030454573378694158
329,161,-0.015601736264426787
329,177,-0.0028528493817407984
329,193,-0.0082823920261276517
329,209,-0.025983207582474702
329,33,-0.025258231605563529
329,49,-0.022974901918714038
329,65,-0.03262813868993094
329,81,-0.022354310814724821
329,97,-0.0095599885273825059
329,113,-0.01475711731928608
328,129,0.0016183741827420644
328,145,-0.023527237735251279
328,161,-0.02347505655306055
328,177,-0.00747675393181321
328,193,-0.029369904898134697
328,209,-0.012183640216653639
328,33,-0.024833451667325018
328,49,-0.027888386046132398
328,65,-0.027956901195407138
328,81,0.011521934939375452
328,97,-0.020519109838266193
328,113,-0.029021210088388514
327,129,-0.01314287265308753
327,145,0.001322512552280103
327,161,-0.029162939384245062
327,177,-0.0054916701357797214
327,193,-0.013859745418685699
327,209,-0.013094767235123157
327,33,-0.027253071138019825
327,49,0.017626165750912921
327,65,-0.02576411823845276
327,81,-0.02701138941095093
327,97,0.0028633751120596875
327,113,-0.020736180375446368
326,129,-0.027189932834132863
326,145,-0.023091064967013453
326,161,-0.034141053085586459
326,177,-0.014989150302204797
326,193,-0.028392373025579676
326,209,-0.025792066014778507
326,33,-0.025924949549975745
326,49,0.015443517269988017
326,65,-0.026119148382316684
326,81,-0.031712606411670174
326,97,0.0044393824348074543
326,113,-0.022963716437662984
325,129,-0.015690932184242962
325,145,0.00026959818474427014
325,161,-0.016853770410910039
325,177,-0.028795378328731965
325,193,-0.028884945159702673
325,209,-0.011973115583291246
325,33,-0.0041530380660478525
325,49,-0.0010103880451873977
325,65,-0.028141903854093649
325,81,-0.028678931028112725
325,97,-0.014867144747098578
325,113,-0.0046827087585267369
324,129,-0.0030506672360345161
324,145,0.0034897179393323526
324,161,-0.011524337936138438
324,177,-0.02557476333971364
324,193,-0.028228993621791054
324,209,0.0002312430467453004
324,33,-0.026816867822430233
324,49,-0.010687883024611563
324,65,-0.025717197734953155
324,81,-0.014725162895140299
324,97,-0.016340366484132209
324,113,-0.033864303959544526
323,129,-0.010179040062227212
323,145,-0.011810940389794846
323,161,-0.027930442166637544
323,177,0.0065670720052653925
323,193,0.0078902628167638079
323,209,-0.028245622139245436
323,33,-0.013198435465943797
323,49,-0.016794918226495113
323,65,-0.019171091226140226
323,81,-0.01304051839465678
323,97,0.0069021995383386874
323,113,0.013781744500621267
322,129,-0.015201685235334923
322,145,0.013124544624044906
322,161,-0.032079024533402348
322,177,-0.0085713480093564578
322,193,-0.036650164751897939
322,209,-0.026613162715356221
322,33,-0.026350303263835043
322,49,-0.018969293459341511
322,65,-0.028857463254687802
322,81,0.018451257641647238
322,97,0.014977287308201765
322,113,-0.029992321471736687
321,129,-0.014509844874587709
321,145,-0.026776079504238243
321,161,0.0038499486618297249
321,177,-0.013028103958130676
321,193,-0.016587125043463706
321,209,-0.027325929909585298
321,33,-0.013775798927829753
321,49,0.0077367053123004615
321,65,-0.016841691476023209
321,81,-0.014643503111912235
321,97,-0.007760915005532297
321,113,-0.026958820753919917
320,129,-0.0016719069193602998
320,145,-0.016311985702035764
320,161,-0.0084984670680079092
320,177,-0.029995130710473987
320,193,-0.026044958561513332
320,209,-0.015439380002981224
320,33,-0.019025934021534938
320,49,-0.023529275550318741
320,65,-0.013850896439196301
320,81,-0.028900384897243461
320,97,-0.012820655099818693
320,113,-0.02910805265220353
319,129,-0.010962087213745685
319,145,-0.014920721722396394
319,161,-0.023553813685943968
319,177,-0.011301214472858008
319,193,0.025405814428456228
319,209,0.010966157773659981
319,33,-0.0098737427088966337
319,49,-0.0029334989855026132
319,65,-0.023548994242558463
319,81,-0.017096494702092697
319,97,-0.028453750003792355
319,113,-0.013979586329105859
318,129,0.005186577618186426
318,145,-0.032722997922953564
318,161,-0.020479915358143065
318,177,-0.021663227658348713
318,193,-0.02309502682409809
318,209,0.0012475369152122381
318,33,-0.0033861911289057869
318,49,-0.014887535659073258
318,65,-0.0042939948511672866
318,81,-0.031843038978083577
318,97,-0.028885463723200784
318,113,-0.027334005618163817
317,129,-0.0011618544708903011
317,145,-0.0095160551834579318
317,161,0.019084500860080587
317,177,-0.0022195537731692916
317,193,-0.011527848470527768
317,209,-0.0083255623461136324
317,33,-0.010671788471405742
317,49,-0.026485568826258618
317,65,-0.021831701404345313
317,81,0.021257979235609736
317,97,-0.029187978855161074
317,113,0.012145573242984504
316,129,0.013281123669905234
316,145,0.0083780421677539588
316,161,-0.010515863801964237
316,177,-0.03284463738541072
316,193,0.002512768552781851
316,209,0.0020998892787607438
316,33,-0.028260422690023084
316,49,0.020728110176193894
316,65,-0.011792708536015738
316,81,-0.013090059147283804
316,97,-0.019351615642286591
316,113,-0.027062130257963828
315,129,0.010214958307297657
315,145,-0.018213146693739541
315,161,-0.029429607375538486
315,177,-0.0052028850349186547
315,193,-0.016875931629930063
315,209,0.00025359329407126786
315,33,-0.022817496291676193
315,49,0.0018311884064714753
315,65,-0.0015986218966826575
315,81,-0.0017974480396368113
315,97,-0.00012239117625470784
315,113,-0.02973503783367662
314,129,-0.012101649781642593
314,145,-0.027799629025201358
314,161,-0.021299724591617653
314,177,-0.00099772834304607204
314,193,0.038427103784372828
314,209,-0.013642867413455169
314,33,0.0095479743938506872
314,49,0.0083787271876982709
314,65,-0.026671290377515606
314,81,-0.028543912962463582
314,97,0.002371605323714858
314,113,-0.0031082928748735763
313,129,0.0063619902042434326
313,145,-0.03013955735824415
313,161,-0.017585085027646469
313,177,-0.012080543399168444
313,193,-0.01549005488359524
313,209,-0.036517037756230511
313,33,-0.023869929181032853
313,49,-0.013976667984951516
313,65,0.0086027777751424665
313,81,-0.028534826880614265
313,97,0.018743132606453168
313,113,-0.041788801004144206
312,129,0.01399048374652981
312,145,-0.029915729853337795
312,161,-0.025268758181910756
312,177,-0.023265368715659034
312,193,-2.4718727321545943e-05
312,209,-0.021553157928790027
312,33,-0.029932053944497321
312,49,-0.011683844934399151
312,65,-0.02725084404650031
312,81,-0.0074126982008817389
312,97,0.019046106608620224
312,113,-0.0086995082932956585
339,17,-0.020814078295433202
338,17,0.0075142256796195267
337,17,-0.0029549455294851559
336,17,0.0093981956207441365
335,17,-0.0088103960378762627
334,17,-0.029096953787731954
333,17,0.027492620062056005
332,17,-0.029001709833701501
331,17,-0.012384077814737033
330,17,-0.027213929584632764
329,17,0.031302876067550299
328,17,-0.012771583652538587
327,17,-0.0085959863205488426
326,17,-0.0053435774297751603
325,17,-0.016221948455318828
324,17,0.0036546031780771071
323,17,0.031433949185418614
322,17,0.016821327708467251
321,17,0.037507748559124449
320,17,-0.0002344174916020487
319,17,0.0065019159769502798
318,17,0.011514083533943491
317,17,-0.015635460235315618
316,17,-0.00043851041087132668
315,17,0.015531348846203703
314,17,4.614705068333721e-07
313,17,0.0015517153065271387
312,17,-0.0083826666094116084
339,225,-0.0035788462989252518
338,225,-0.019463359215731595
337,225,-0.02098177584270542
336,225,-0.01931137888025751
335,225,-0.026758175580545999
334,225,-0.0107587770518302
333,225,-0.014406268135792365
332,225,-0.017495883061929944
331,225,0.0068711177609558655
330,225,-0.016506287594377493
329,225,-0.027227231525565394
328,225,-0.026962563593064457
327,225,0.0011235559711330308
326,225,0.0036650440083144204
325,225,-0.011146538609786092
324,225,-0.018592070517742244
323,225,-0.018031754620768965
322,225,0.012784150676454095
321,225,0.0099673434545200935
320,225,-0.0053087736018129971
319,225,-0.033587330166541196
318,225,0.0059838670355130902
317,225,-0.0077168287101253997
316,225,0.0075481163299192426
315,225,-0.0092277264406022269
314,225,-0.026375433854159764
313,225,-0.015555929808380064
312,225,0.009275327416964586
