339,129,0.017516987388045947
339,145,-0.0030197770308806752
339,161,-0.023844861019771089
339,177,-0.022799700308955253
339,193,0.011813082776208395
339,209,-0.011445062817734076
339,33,-0.021637724278630421
339,49,-0.014247182830040277
339,65,-0.0044455395652085788
339,81,-0.023595815198163204
339,97,-0.023282619121277805
339,113,0.019645493227130131
338,129,-0.020679253968609257
338,145,-0.0036361247418627545
338,161,0.01254783220951966
338,177,0.0070407418663819858
338,193,-0.024470969668049212
338,209,-0.013071134772966137
338,33,-0.0058509958460103064
338,49,-0.015752557503026093
338,65,-0.0070166367951336444
338,81,-0.0085628409645611935
338,97,-0.0080888997500390396
338,113,-0.024661397485791173
337,129,-0.0056499273632559981
337,145,-0.018790528555901815
337,161,-0.0039847924216016234
337,177,-0.0058528943701925207
337,193,-0.027344789565849431
337,209,-0.0084424367777497771
337,33,0.013743207250302271
337,49,-0.023658245246042806
337,65,-0.004438522119213085
337,81,-0.0031764964906110162
337,97,-0.0091238353554274256
337,113,-0.029904746810196003
336,129,-0.022320073454891613
336,145,-0.025766237686417094
336,161,-0.017642386894647585
336,177,-0.013250347283640478
336,193,-0.044676385675263032
336,209,-0.0049163386302258283
336,33,0.012252318908761162
336,49,0.039051612843298701
336,65,-0.023160341407502887
336,81,0.0088538937632959246
336,97,-0.027831968990580415
336,113,-0.00096105484340133188
335,129,-0.028086512324195571
335,145,-0.01344142808006636
335,161,-0.013811812006100339
335,177,-0.025278734948498593
335,193,0.0047351984716874438
335,209,-0.020784339648947433
335,33,-0.006722279433345071
335,49,-0.027776287982904279
335,65,-0.021416188494339603
335,81,-0.019254326662711058
335,97,-0.02017655635375545
335,113,-0.029330656745339571
334,129,-0.036183736212816529
334,145,-0.0070110224004502029
334,161,-0.01184668702737727
334,177,-0.0048253481027135618
334,193,-0.024285270368289359
334,209,0.026227200904462063
334,33,-0.033854484660797289
334,49,-0.027306388876716131
334,65,-0.032162316178920777
334,81,-0.021506104020721603
334,97,-0.0019148116428966406
334,113,-0.032338393077005159
333,129,-0.016748856651621655
333,145,-0.021555122676438832
333,161,0.003744162572417613
333,177,-0.022060351613571047
333,193,-0.018816110218720785
333,209,-0.029520744779831052
333,33,-0.029136342825831465
333,49,-0.02091248455388282
333,65,-0.0089807577712846341
333,81,-0.0236183264942918
333,97,-0.017404814435743793
333,113,-0.023488045809023757
332,129,-0.027651264587874185
332,145,-0.012475835252372596
332,161,-0.02680311167010543
332,177,-0.01337452372646189
332,193,-0.015136595721166336
332,209,-0.0090843570237934476
332,33,-0.028286748729528272
332,49,-0.013344584927940054
332,65,0.011937266478192385
332,81,-0.003144769133162942
332,97,-0.01578796769215542
332,113,-0.025259276648331205
331,129,-0.011882169825426201
331,145,-0.0076833072758573564
331,161,-0.020282762518162835
331,177,-0.013437014365103042
331,193,-0.036692330816601296
331,209,0.015928271029115853
331,33,-0.016126454825659092
331,49,-0.020561760371433303
331,65,-0.0069117597348304803
331,81,-0.011393462202881937
331,97,-0.02248849203847663
331,113,-0.0067227573837577203
330,129,-0.020274491661772375
330,145,-0.020837806301689937
330,161,-0.026750796608829088
330,177,-0.0012776636432596071
330,193,-0.026738000132890738
330,209,-0.016516729087850849
330,33,-0.016031736791806247
330,49,-0.024630075442243545
330,65,0.002100642913407229
330,81,-0.026923331578633226
330,97,-0.011861040894372456
330,113,-0.02310775435599496
329,129,-0.023541116989903358
329,145,-0.030582383193956082
329,161,-0.016929365901339807
329,177,-0.0036961892915462384
329,193,-0.0076095339097169631
329,209,-0.027361302124103346
329,33,-0.024323670922550198
329,49,-0.023034736856970672
329,65,-0.033570887068043953
329,81,-0.019983294511087723
329,97,-0.010095966438371379
329,113,-0.014894083119061291
328,129,0.0015767176293082915
328,145,-0.024020600633919396
328,161,-0.023876093841259181
328,177,-0.0075716602878882254
328,193,-0.032212871379232837
328,209,-0.012085512626840709
328,33,-0.024973167628389928
328,49,-0.027551171824789944
328,65,-0.02625555968414308
328,81,0.011291990499473954
328,97,-0.020931812246936108
328,113,-0.029074954617356819
327,129,-0.013691940267726367
327,145,0.00073901404141725035
327,161,-0.029039800366436972
327,177,-0.0058780449309848142
327,193,-0.013771344761205903
327,209,-0.01324936745339333
327,33,-0.030490743282282202
327,49,0.017929221049262051
327,65,-0.025241200622941887
327,81,-0.028376593823672792
327,97,0.0029306732590224571
327,113,-0.022176034162272026
326,129,-0.029118401754072307
326,145,-0.023883355125214882
326,161,-0.03563901442637709
326,177,-0.014614885650850677
326,193,-0.029570784748003769
326,209,-0.023747913683974477
326,33,-0.026263713455246356
326,49,0.01490264182036354
326,65,-0.026196672068433915
326,81,-0.02973121632222181
326,97,0.0040196960929417581
326,113,-0.023011345817190228
325,129,-0.015801140269734271
325,145,-0.00023319098222800686
325,161,-0.017947783441463829
325,177,-0.027641835504113844
325,193,-0.029679769006354061
325,209,-0.012153854329527335
325,33,-0.0041337388490187846
325,49,0.00053600787067962174
325,65,-0.029217646761227501
325,81,-0.029352758701886021
325,97,-0.015000691095362102
325,113,-0.004936018746622672
324,129,-0.002788588469340398
324,145,0.0042988591956290168
324,161,-0.011547173357143425
324,177,-0.022442128310206148
324,193,-0.030515879179517022
324,209,0.00054832412596885426
324,33,-0.027280895532034818
324,49,-0.010497591203211391
324,65,-0.026469742924720877
324,81,-0.016066179755189244
324,97,-0.015738429499473482
324,113,-0.033877771056899042
323,129,-0.010086443260714518
323,145,-0.014255421189737591
323,161,-0.027835356865552337
323,177,0.0088431743481366867
323,193,0.0082050755520834753
323,209,-0.027310273232537274
323,33,-0.012699889327071447
323,49,-0.016445532498251449
323,65,-0.018798943064521588
323,81,-0.012431982083344239
323,97,0.0086581913796768099
323,113,0.01435955884051641
322,129,-0.014783776104542939
322,145,0.013661414575967196
322,161,-0.037168216713359507
322,177,-0.0087732012168422312
322,193,-0.036406566660102585
322,209,-0.025750675210774194
322,33,-0.027975464177033327
322,49,-0.018447723761864557
322,65,-0.028791242877789839
322,81,0.019458460789316408
322,97,0.01566845351301141
322,113,-0.028427256972043635
321,129,-0.014871031500268025
321,145,-0.02712079488762548
321,161,0.0038004111314301221
321,177,-0.013367255821016936
321,193,-0.016776237197452616
321,209,-0.027151097681205081
321,33,-0.01395465520751517
321,49,0.0086725073479431321
321,65,-0.017101984263006034
321,81,-0.014500051869933743
321,97,-0.0072318020925600567
321,113,-0.027993505149218553
320,129,-0.0010486210674105012
320,145,-0.014580591466504105
320,161,-0.0077027703545487223
320,177,-0.02724874993163795
320,193,-0.027655712513147045
320,209,-0.014237297842763095
320,33,-0.018563618741127781
320,49,-0.022442841444517522
320,65,-0.01284472960734696
320,81,-0.028662361582246932
320,97,-0.011647766142326396
320,113,-0.0275316666808097
319,129,-0.013511447409178269
319,145,-0.015334707098106918
319,161,-0.02272160075436086
319,177,-0.011071691790880217
319,193,0.025706125716533756
319,209,0.01015552996165308
319,33,-0.0097670964292439679
319,49,-0.0026806681806231698
319,65,-0.020340207057556937
319,81,-0.016843878466641322
319,97,-0.030190170165519697
319,113,-0.013157276077061532
318,129,0.005286308946720903
318,145,-0.032766154958768452
318,161,-0.022142858930970913
318,177,-0.021768307069220692
318,193,-0.024237782725420418
318,209,0.0017951347055672031
318,33,-0.0031452637627224635
318,49,-0.014549644912231766
318,65,-0.0039702047020689964
318,81,-0.028052774314237975
318,97,-0.028204587796331212
318,113,-0.027791935170014794
317,129,-0.001391608677982885
317,145,-0.0095716218297564517
317,161,0.019155271660532734
317,177,-0.0021660799529376407
317,193,-0.010891660840928132
317,209,-0.0075790195665306022
317,33,-0.0078020748800545743
317,49,-0.027566733350920684
317,65,-0.020978569517955525
317,81,0.021110611562998233
317,97,-0.030839450199855602
317,113,0.012569375588345876
316,129,0.013087096460170188
316,145,0.0077105378389450262
316,161,-0.0090002366504897818
316,177,-0.033163328507139558
316,193,0.0019874265467410366
316,209,0.0011156210370566137
316,33,-0.02739613951618804
316,49,0.020150980910328489
316,65,-0.012115785108230231
316,81,-0.012319761025104192
316,97,-0.019597201819076648
316,113,-0.026955579133685424
315,129,0.01046539122369859
315,145,-0.018442396804044501
315,161,-0.029734541620444078
315,177,-0.0055104108776222
315,193,-0.015863671648147573
315,209,0.0001550646606671139
315,33,-0.022512619379641368
315,49,0.0020827106887749136
315,65,-0.0013016590852687761
315,81,-0.0015151021158659943
315,97,0.00019909489384424171
315,113,-0.025676651949384965
314,129,-0.012016880413780694
314,145,-0.028183518635699203
314,161,-0.021919417155611284
314,177,-0.001411008209872066
314,193,0.038195086116955164
314,209,-0.013681265824989606
314,33,0.0094150597503978722
314,49,0.0082100345163740977
314,65,-0.025367610844536748
314,81,-0.028765493831570739
314,97,0.0019740687283928797
314,113,-0.0036602944943012637
313,129,0.0062660783709235805
313,145,-0.030447192211619692
313,161,-0.017478654680932116
313,177,-0.011207635660160749
313,193,-0.016148301103203297
313,209,-0.03717057548210282
313,33,-0.023843059298388862
313,49,-0.014985695373053356
313,65,0.0083046597404275169
313,81,-0.0301220824710614
313,97,0.017870535696989914
313,113,-0.042116708046539657
312,129,0.014262810553727762
312,145,-0.029403539130758063
312,161,-0.025254886544464894
312,177,-0.022754964456612244
312,193,-3.0040591903019928e-06
312,209,-0.02271281881728085
312,33,-0.02903726938104768
312,49,-0.011218180764380831
312,65,-0.029390902789124224
312,81,-0.007652983863741936
312,97,0.019304277731810909
312,113,-0.0089580443121318049
339,17,-0.021488788748694858
338,17,0.0077597623187334397
337,17,-0.003149585187357082
336,17,0.009376585329059689
335,17,-0.0088001746012503438
334,17,-0.027934840460087075
333,17,0.0272008531692449
332,17,-0.027803183789966383
331,17,-0.012864355645130898
330,17,-0.026476419872350034
329,17,0.031262022675555175
328,17,-0.012311336223276542
327,17,-0.0083687120944214884
326,17,-0.0037489469227925637
325,17,-0.016351519314017557
324,17,0.0050634781709216602
323,17,0.031449812668759881
322,17,0.016915075206075918
321,17,0.038331246096249882
320,17,-2.6256676769486481e-05
319,17,0.0065287691193547893
318,17,0.011740756090733962
317,17,-0.015332798401874353
316,17,-0.00085813366164723545
315,17,0.015729610632124809
314,17,0.0003820560177473473
313,17,0.0032625903215248594
312,17,-0.0082890550800637144
339,225,-0.0040850452623152293
338,225,-0.019135802288752085
337,225,-0.021427143668366812
336,225,-0.02155614395629292
335,225,-0.026677217759418101
334,225,-0.0093013628858128819
333,225,-0.014008062682824934
332,225,-0.017157073488768809
331,225,0.0070503037364782317
330,225,-0.016245588448124921
329,225,-0.029667788698615732
328,225,-0.026630725459895102
327,225,0.0012406280007557103
326,225,0.0030401646043567089
325,225,-0.011935390298399972
324,225,-0.018854473659549186
323,225,-0.018125722269272442
322,225,0.01143823596279925
321,225,0.008692295005427857
320,225,-0.0071838309345085508
319,225,-0.034447638054244709
318,225,0.0055594263940678436
317,225,-0.0076933655620925034
316,225,0.0078932969176834736
315,225,-0.0094903089380425527
314,225,-0.026421885287790277
313,225,-0.015794407054951033
312,225,0.0093482647262313444
