339,129,-0.029381436996632482
339,145,-0.02132314705709135
339,161,-0.029602856306104496
339,177,-0.029272467926669619
339,193,-0.028399325264708668
339,209,-0.0229406308689637
339,33,-0.0094888600478581758
339,49,-0.010988981197864595
339,65,-0.041964610400450304
339,81,-0.058206658072188402
339,97,-0.011950422336216375
339,113,0.0024556609471728507
338,129,-0.025443028956760927
338,145,-0.0064691869694877713
338,161,-0.011148709190446389
338,177,-0.033776055653998813
338,193,-0.049993455198611411
338,209,-0.013278129416046575
338,33,-0.025395195315125706
338,49,-0.030489782906212275
338,65,-0.0074806747849113248
338,81,-0.018753529731971943
338,97,-0.026434878826302979
338,113,0.015498479299460279
337,129,-0.019846868876850863
337,145,-0.011617867212551378
337,161,-0.026714321481366918
337,177,-0.012957235475741952
337,193,-0.034689534296586708
337,209,-0.012414733641928733
337,33,-0.027276226466974206
337,49,-0.016829358726007188
337,65,0.0024275658346883163
337,81,-0.01787832728640356
337,97,-0.020611867768815614
337,113,-0.0031559327652943615
336,129,-0.030658448932204891
336,145,-0.020327727918613349
336,161,-0.0069311406939374168
336,177,-0.042436550518909016
336,193,-0.014483390396398781
336,209,-0.019258954980312982
336,33,-0.0094863605473164379
336,49,-0.023255544828661628
336,65,-0.021713182831417838
336,81,-0.015641346753214991
336,97,-0.017122048947616805
336,113,-0.030768344211857888
335,129,-0.040832012013682917
335,145,-0.032877011366884402
335,161,-0.016240436642207711
335,177,-0.0260226398229172
335,193,-0.021020968316153951
335,209,-0.036727846162005161
335,33,-0.025013360856266289
335,49,-0.026146551714636264
335,65,-0.025775815603416387
335,81,-0.02784049033474946
335,97,-0.03440149808115589
335,113,-0.01403795154156621
334,129,-0.012674024475650005
334,145,-0.025436054554690633
334,161,-0.015071756664141988
334,177,-0.028086739098937989
334,193,-0.012735301411780971
334,209,-0.028114113524656398
334,33,-0.0038959615178986396
334,49,-0.033475648089836559
334,65,-0.042170645994535724
334,81,0.0012229231378410664
334,97,-0.017297400003067329
334,113,-0.015967347227416114
333,129,0.00066296831554244005
333,145,-0.021867860345228179
333,161,-0.016301490083213591
333,177,-0.023161226671069686
333,193,-0.028449771261283487
333,209,-0.01847830896521005
333,33,-0.0098400903713309496
333,49,-0.012687892535878568
333,65,0.0047523143399710328
333,81,-0.035487747908172378
333,97,-0.016445958580449015
333,113,-0.03507390390609514
332,129,-0.022695445720889159
332,145,-0.030203719334381311
332,161,-0.024023038931866188
332,177,-0.017158830635255057
332,193,-0.020007771343288162
332,209,-0.0088048183181004391
332,33,-0.018622008822207489
332,49,-0.020515637978841584
332,65,-0.013034081884978095
332,81,-0.023329759432878579
332,97,-0.019780604537756506
332,113,-0.026961841838605102
331,129,-0.0050094104119970837
331,145,-0.030628311984531587
331,161,-0.018180984045969076
331,177,-0.020866380561414332
331,193,-0.031465996791717174
331,209,-0.0087348816165049234
331,33,-0.024496395107115383
331,49,-0.023533243557304982
331,65,-0.006045479310064085
331,81,-0.016828741025290049
331,97,-0.011006785363859259
331,113,-0.021820278556247446
330,129,-0.012874461276581612
330,145,-0.0086497152671618921
330,161,-0.015179930410750999
330,177,-0.0034916149980514836
330,193,-0.011194651285129181
330,209,-0.0081758609045737268
330,33,-0.031221019812773396
330,49,-0.011732771942090939
330,65,-0.026333890186943057
330,81,-0.01677611097301606
330,97,-0.011957453510217075
330,113,-0.010043793085464926
329,129,-0.017118028604123422
329,145,-0.028398832227682198
329,161,-0.014150223282481484
329,177,-0.028743358624096198
329,193,-0.03758570018448841
329,209,-0.012783560815012095
329,33,-0.0212756448135046
329,49,-0.017577015903563583
329,65,-0.0095066837335118243
329,81,-0.033374068277503839
329,97,0.0095558928573311556
329,113,-0.040600686428725094
328,129,-0.022756268584468668
328,145,-0.022309710830988271
328,161,-0.022750935872655351
328,177,-0.017332585255203477
328,193,-0.02641570337054714
328,209,-0.0082128755652125136
328,33,-0.020383720334936323
328,49,-0.018619955676746281
328,65,-0.042569782478776103
328,81,-0.0037063047823714386
328,97,-0.014802677082767996
328,113,-0.0023372225715814926
327,129,-0.010858343554527049
327,145,-0.0319214018857088
327,161,-0.027228258377100557
327,177,-0.01846226230457277
327,193,-0.023755095201077797
327,209,-0.016549695028010049
327,33,-0.015730267688360586
327,49,-0.020807395151550279
327,65,-0.0028225714846111822
327,81,-0.035790368564688646
327,97,-0.009992550742817052
327,113,-0.013855476538146221
326,129,-0.017398013487636119
326,145,-0.012238929289967865
326,161,-0.031628344434189805
326,177,-0.015264831865258037
326,193,-0.028628364703645204
326,209,-0.018862508117364542
326,33,-0.013803368882576279
326,49,0.0012210719476090559
326,65,-0.035535237078341823
326,81,-0.020832200115433967
326,97,-0.0095774409068819771
326,113,-0.014424971498781703
325,129,-0.0050621010114447421
325,145,-0.025866604707126071
325,161,-0.020873803234585871
325,177,-0.018469702170457378
325,193,-0.021380287168663515
325,209,-0.0030498453913862353
325,33,-0.012958462453601341
325,49,-0.0013740536818035501
325,65,-0.053629809091427449
325,81,-0.010880265141002845
325,97,-0.019738620317188527
325,113,-0.013999232893267688
324,129,-0.0026655499707106609
324,145,-0.017891051252114945
324,161,-0.021917809611438164
324,177,-0.012209958695412271
324,193,-0.021507174320754569
324,209,-0.032537188633742685
324,33,-0.0018467061662781146
324,49,-0.014681113911845491
324,65,-0.0083388241299900481
324,81,-0.034667083491861574
324,97,0.0068049169926410373
324,113,-0.032891797300515981
323,129,-0.031226489188437904
323,145,-0.014640013748138569
323,161,0.0032206822110929061
323,177,-0.015119822284199192
323,193,-0.041332244095370445
323,209,-0.0056423256861264518
323,33,-0.015436957055080027
323,49,-0.017608622911040511
323,65,-0.033934666325886355
323,81,-0.01238324047861117
323,97,-0.018505771044450326
323,113,-0.019499922847642015
322,129,-0.0013893441845929117
322,145,-0.00057391897119396659
322,161,-0.014595353856243378
322,177,-0.016157861112908952
322,193,-0.030639084124653583
322,209,-0.014308838863814495
322,33,-0.010911612114515181
322,49,0.0010184015737072722
322,65,-0.022742984389303094
322,81,-0.018285679461589637
322,97,-0.024499709196199003
322,113,-0.020430751640226626
321,129,0.010478900510070426
321,145,-0.010957202456152457
321,161,-0.026168882481825601
321,177,-0.012575395380670366
321,193,-0.0095016998073526922
321,209,-0.023549414844368954
321,33,-0.028850949122504053
321,49,-0.027600970362251384
321,65,-0.027101819793347807
321,81,0.0075434209155902385
321,97,-0.02434105995443266
321,113,-0.019726934951885013
320,129,-0.042671817291604706
320,145,-0.015534479050257011
320,161,-0.030584728780017615
320,177,-0.025236113213130098
320,193,-0.029670536976395153
320,209,-0.029611606620009567
320,33,-0.0033337064780840269
320,49,-0.034615722928088476
320,65,-0.022115591806483433
320,81,-0.013928748448648255
320,97,-0.026626600119593221
320,113,-0.034927355643855268
319,129,-0.0049190451461400197
319,145,-0.026703300826345987
319,161,0.0018208289137703953
319,177,-0.019345211922425266
319,193,-0.018098119508675375
319,209,-0.023255698765286523
319,33,-0.018853701237165975
319,49,-0.016779848875224865
319,65,-0.011142938819444313
319,81,-0.013205076364761386
319,97,-0.016709042929410448
319,113,-0.037067703591257987
318,129,-0.012563138368576648
318,145,-0.018521404803047953
318,161,-0.0035483483318703608
318,177,-0.014732634018871397
318,193,-0.021580363721196347
318,209,-0.018899167128123399
318,33,-0.01799790804740671
318,49,-0.019127070692144477
318,65,-0.017474312066325121
318,81,-0.023908709798715302
318,97,-0.027341077349299376
318,113,-0.026488149657539858
317,129,-0.003031111513588649
317,145,-0.016501427236599357
317,161,-0.019263725812255054
317,177,-0.024855882179691032
317,193,-0.017715409837715992
317,209,-0.0075483963858713476
317,33,-0.022775323070003739
317,49,-0.010797953270152523
317,65,-0.030812007331873156
317,81,-0.023126295743216271
317,97,-0.017059089099344522
317,113,-0.021266903659773937
316,129,-0.030184532537511768
316,145,-0.018772446938124413
316,161,-0.031706306926279883
316,177,-0.010031629917137649
316,193,-0.022621672058124282
316,209,-0.0066983567650549681
316,33,-0.029383350612626705
316,49,0.0007700501987676718
316,65,-0.013072172143525497
316,81,-0.016418154959907044
316,97,-0.027465166524921283
316,113,-0.002634668037186985
315,129,-0.015587309978970728
315,145,-0.022160934145093677
315,161,-0.036811288327185603
315,177,-0.014669815448674229
315,193,-0.030213812594895851
315,209,-0.015550128762785395
315,33,-0.0020742246861599816
315,49,-0.0016540070605014269
315,65,-0.031712109633776971
315,81,-0.010591012934445494
315,97,-0.0067135569271693915
315,113,-0.029846312785145976
314,129,-0.016441386779707301
314,145,-0.040698205372397669
314,161,-0.0075705313639419392
314,177,-0.015692954787251061
314,193,-0.034497968144712232
314,209,-0.02387386682409507
314,33,-0.016200419221203719
314,49,-0.0079758318488334021
314,65,-0.011031194086398572
314,81,-0.019572233263236257
314,97,-0.017349659674130807
314,113,-0.030885253979856434
313,129,-0.034764367623472306
313,145,-0.0075133933356501762
313,161,-0.0085533602850669677
313,177,-0.0065833077560513813
313,193,-0.0075944168037853314
313,209,-0.014088406999809826
313,33,-0.0052065295925150567
313,49,0.0013756223698636631
313,65,-0.011764479631606156
313,81,0.0018309271652896786
313,97,-0.024751259562746843
313,113,0.0069525655903187791
312,129,-0.020000516417688144
312,145,-0.015004092817738559
312,161,-0.0093378733155843156
312,177,-0.013203905195737385
312,193,-0.021337967234583293
312,209,-0.018502115958967984
312,33,0.0075648357647654704
312,49,-0.043337128781673999
312,65,-0.010848416420888837
312,81,-0.018330482240746241
312,97,-0.029039472561486458
312,113,-0.022137962733225072
339,17,-0.0039367674857374805
338,17,0.00076398322590635599
337,17,-0.018446651916579754
336,17,-0.013829012140272635
335,17,-0.012210818584778212
334,17,-0.012433128809828765
333,17,-0.004530313695266258
332,17,-0.010724785261358154
331,17,-0.019233012539624943
330,17,-0.006996252797315851
329,17,-0.026995321623783861
328,17,-0.01530864260998604
327,17,0.0066435883564902824
326,17,0.013673134026716334
325,17,0.0024373130668867166
324,17,-0.020474222277756079
323,17,-0.0040099643911990874
322,17,0.0051231599689525939
321,17,-0.0079327657918929501
320,17,-0.0075172702111159498
319,17,-0.0015253179051353523
318,17,-0.016954075436413082
317,17,-0.011891209589068492
316,17,-0.021365428458428284
315,17,0.0018021798931065261
314,17,-0.0062720206046300618
313,17,0.0022083895376418614
312,17,0.0057408015476765224
339,225,-0.012625250943382915
338,225,-0.018797015528979225
337,225,-0.015525816274323079
336,225,-0.01158295405294728
335,225,-0.016685418967693991
334,225,-0.010887946773044091
333,225,-0.00038967373297840155
332,225,-0.029305196136670507
331,225,-0.0046792599372858269
330,225,0.00031563497134016501
329,225,-0.019938915618268754
328,225,-0.02062933541594791
327,225,-0.01808328658999778
326,225,-0.018605481217108751
325,225,-0.0091097033222890846
324,225,-0.0016542438640539344
323,225,-0.010146801296779553
322,225,-0.0052806528138036541
321,225,0.0085191062944151557
320,225,-0.0019522966267343012
319,225,-0.017089515499972206
318,225,-0.018552558229674929
317,225,-0.0149415176052341
316,225,-0.014611039163350098
315,225,-0.0010549011762126281
314,225,-0.00018116424257974472
313,225,-0.016575195363334159
312,225,-0.0053630086192232159
373,129,0.0032517224788915296
373,145,-0.020880031352760162
373,161,-0.033054195264539281
373,177,-0.011564930151818368
373,193,-0.026389959870912083
373,209,-0.020934847930716101
373,33,-0.024500194321075974
373,49,-0.044984571883802393
373,65,-0.0045025123797748576
373,81,-0.03238270948052803
373,97,-0.028241255129508896
373,113,-0.0099888028959361306
372,129,-0.012740569147363516
372,145,-0.0074072629538938818
372,161,0.0025088673070317365
372,177,-0.010875382659741284
372,193,-0.034210338000264066
372,209,-0.0053567889155218722
372,33,-0.02225997983071077
372,49,-0.020354477074386028
372,65,-0.0032251177996928631
372,81,-0.017146773193615756
372,97,-0.027731562321983393
372,113,-0.028287075115165781
371,129,-0.030844301936753808
371,145,-0.010967743404044545
371,161,-0.0092341364591013754
371,177,-0.018310807215712949
371,193,-0.012530251494800347
371,209,-0.015469383022134369
371,33,-0.0033982769919452017
371,49,-0.0091664671082462238
371,65,-0.012648710825475088
371,81,-0.015518557407275283
371,97,-0.033112095676453374
371,113,-0.013480736621870366
370,129,-0.0065890543500317861
370,145,-0.032744632662760446
370,161,-0.013739179595689099
370,177,-0.031383961281563975
370,193,-0.026779744687723733
370,209,-0.018356634013485949
370,33,-0.018865753446728587
370,49,-0.042548946843760142
370,65,-0.0038555636046331697
370,81,-0.016500881683011056
370,97,-0.020289208585022915
370,113,-0.015877453208225242
369,129,-0.020074216602938684
369,145,-0.031842082480813425
369,161,-0.0080023457955502135
369,177,-0.016382530017090211
369,193,-0.013972942376907476
369,209,-0.015372726560426236
369,33,-0.020636591493268838
369,49,-0.012884879577802473
369,65,-0.010109162682407769
369,81,-0.020695471613073189
369,97,-0.020769304485487843
369,113,-0.0023113604706118968
368,129,0.0046063680199729352
368,145,-0.018361580174553645
368,161,-0.027672012030846956
368,177,-0.0071289090976803813
368,193,-0.0098301514693768677
368,209,-0.014887052996343995
368,33,-0.016015383066484108
368,49,0.010300692957410354
368,65,-0.023377143434243026
368,81,-0.0081248602310781057
368,97,-0.0071512908916862928
368,113,-0.011818117430464096
367,129,-0.028106821538267442
367,145,-0.037147920448524663
367,161,-0.010788491941616313
367,177,-0.020727649378170725
367,193,-0.010995990975535415
367,209,-0.01615389901200661
367,33,-0.020141961626371319
367,49,-0.034894895931526608
367,65,-0.021395678378723249
367,81,-0.0021239232685544575
367,97,-0.033508280313931035
367,113,-0.016578478388818877
366,129,-0.011926043016028986
366,145,-0.012008085438978919
366,161,-0.012910531235566555
366,177,-0.0060164041914857937
366,193,-0.018309832435664645
366,209,-0.016765533840971146
366,33,-0.0330421424055364
366,49,-0.022471549153150021
366,65,-0.0031236438105692599
366,81,-0.014822984196707915
366,97,-0.023409680157547789
366,113,-0.016201446128903285
365,129,-0.01440670449491121
365,145,-0.0083742366549932612
365,161,-0.038796578272342584
365,177,-0.027778650468104526
365,193,-0.023130573209955693
365,209,-0.021746963505072454
365,33,-0.029623188576585344
365,49,-0.0048835294180949122
365,65,-0.022259439517897352
365,81,-0.034907368953397425
365,97,-0.022504834539644844
365,113,-0.027107383343013231
364,129,-0.016932416563867628
364,145,-0.025149229138953216
364,161,-0.018577136561503983
364,177,-0.018976465209379168
364,193,-0.015502921954524967
364,209,-0.016174070673348698
364,33,0.0015997382552606868
364,49,-0.029176736712076542
364,65,-0.017659676988979942
364,81,-0.0046434023302205302
364,97,-0.0078132969855297732
364,113,-0.021326650319905296
363,129,-0.016592613109753362
363,145,-0.014847532999171301
363,161,-0.02419447340518556
363,177,-0.022566044492780549
363,193,-0.03877766351117326
363,209,-0.0077564204097658445
363,33,-0.030813815531460668
363,49,-0.017146500645670516
363,65,-0.021301263455085456
363,81,-0.044032505405599054
363,97,-0.013805240119921878
363,113,-0.028486716672100742
362,129,-0.002155076416114541
362,145,-0.039464709884582505
362,161,-0.0078661090646783925
362,177,-0.028474464501711226
362,193,-0.0036125670242596491
362,209,-0.011250582888356751
362,33,-0.016841898934687353
362,49,-0.035011589649208495
362,65,-0.0053980904241565028
362,81,-0.025120335405281021
362,97,-0.026042809525952639
362,113,-0.0099398251885972604
361,129,-0.015036240483570863
361,145,-0.016435292694888613
361,161,-0.025014270673718312
361,177,-0.0092339045511793706
361,193,-0.026484271252514124
361,209,-0.023203618647799542
361,33,-0.015968068523930144
361,49,-0.027382471945254696
361,65,-0.018791516617547757
361,81,-0.013878560181883567
361,97,-0.026845974853512741
361,113,-0.023793461283576192
360,129,-0.018003441442161761
360,145,-0.011868461501135201
360,161,-0.020101601764998957
360,177,-0.019309620147642946
360,193,-0.013122339312010898
360,209,-0.0074775283146207849
360,33,-0.015558889388977282
360,49,-0.030737709729111905
360,65,-0.012610081511965947
360,81,-0.016043007321271133
360,97,-0.042743671243969918
360,113,-0.017546471211105787
359,129,-0.018407975815452688
359,145,-0.035354259333303828
359,161,-0.013029961724041495
359,177,-0.0038822410208257017
359,193,-0.019219083385469373
359,209,-0.012454432881213033
359,33,-0.019893604131968511
359,49,-0.030247127527183199
359,65,-0.018048396435548997
359,81,-0.018971136908437505
359,97,-0.018480867706010394
359,113,-0.018182395845167496
358,129,-0.0073040102492499346
358,145,-0.021314768527995111
358,161,-0.0066107998859981148
358,177,-0.001680244865936283
358,193,-0.017746570215893126
358,209,-0.012279450295680628
358,33,-0.025064595060954313
358,49,0.0020560670520045807
358,65,-0.0066108548607799918
358,81,-0.02551074349628428
358,97,-0.021340223602597356
358,113,-0.0018391198689015923
357,129,-0.0033296996410670404
357,145,-0.013217880377006608
357,161,-0.016166857506978619
357,177,-0.011405158736202807
357,193,-0.0027525918231268058
357,209,-0.036879096269253342
357,33,-0.035817361613132412
357,49,-0.0008636099628019368
357,65,-0.017917272132706691
357,81,-0.018766788997088973
357,97,-0.018480678812964859
357,113,-0.022774384961451496
356,129,-0.028490400046202898
356,145,-0.018123796103192081
356,161,-0.0018094685982720331
356,177,-0.015074369498552422
356,193,-0.027225581417111001
356,209,-0.018312869191826685
356,33,-0.0081741097610543972
356,49,-0.011709992843717399
356,65,-0.018526694008683953
356,81,-0.02188292761358121
356,97,-0.012668916657678822
356,113,-0.020991461666101753
355,129,-0.025985456495436189
355,145,-0.025694270073270881
355,161,-0.022149801252854803
355,177,-0.028846567807325699
355,193,-0.035329830697093494
355,209,-0.017523530450078893
355,33,-0.030769859048636859
355,49,-0.012633184702989115
355,65,-0.027683347033735511
355,81,-0.023986129330583257
355,97,-0.021333712645948726
355,113,-0.01972958136556098
354,129,-0.025866349972627725
354,145,-0.032113604461313561
354,161,-0.035139410627091854
354,177,-0.022684340741660664
354,193,-0.017826320849865761
354,209,-0.028722921311166522
354,33,-0.0063150116597628352
354,49,-0.0031209179406954902
354,65,-0.013558180751903862
354,81,-0.020439997362662415
354,97,-0.0090076186052209968
354,113,-0.013842729875110992
353,129,0.0024230649035457937
353,145,-0.022830309965711382
353,161,-0.0028764932040421746
353,177,-0.02087116963343966
353,193,-0.011768792846325853
353,209,-0.036299351775574355
353,33,-0.024455030823503393
353,49,-0.0035309521087856163
353,65,-0.028558046639461647
353,81,-0.027572229838660665
353,97,-0.00098833549794535131
353,113,-0.0062312658549801749
352,129,0.0043438489315756768
352,145,-0.011534954950128537
352,161,-0.018198904662814892
352,177,-0.0076526426123892047
352,193,-0.026991286230384142
352,209,-0.029090687163151746
352,33,-0.0087866118461175664
352,49,0.0028200614890503315
352,65,-0.0089175208701517458
352,81,-0.020285258077506214
352,97,-0.022467581453798013
352,113,-0.013231037914871362
351,129,-0.012103698947710463
351,145,-0.014164336449491055
351,161,-0.017490671537859499
351,177,-0.026938815285569649
351,193,-0.030588472181298357
351,209,-0.013248405416953133
351,33,-0.028091596854307656
351,49,-0.0018119595916488414
351,65,-0.024805412113417604
351,81,-0.00012276869046977412
351,97,-0.018220079422736596
351,113,-0.031416565495692633
350,129,-0.022344198859581488
350,145,-0.0098300989973550291
350,161,-0.019204440891189507
350,177,-0.029802994595991741
350,193,-0.0067104196615534774
350,209,-0.029518283771971177
350,33,-0.0004679857791268831
350,49,-0.033117210026482866
350,65,-0.03267766734169826
350,81,-0.0083836717950726246
350,97,-0.027540358647586756
350,113,-0.013616117618159033
349,129,-0.0057509658394805348
349,145,-0.0029182239048945848
349,161,-0.01920373736192164
349,177,-0.0039451784716873252
349,193,-0.033793601137930479
349,209,0.0054300793223917634
349,33,-0.0084852329520569963
349,49,0.00022683700518201134
349,65,-0.016968282839586273
349,81,-0.012536484420406011
349,97,-0.0082422348379671048
349,113,-0.042545432523759232
348,129,-0.020020731768205954
348,145,-0.010904165121835152
348,161,-0.012489730125867873
348,177,-0.0099646469363118689
348,193,-0.008700868268820966
348,209,-0.001505780243796537
348,33,-0.025581008034576646
348,49,-0.0073696847097347341
348,65,-0.022448355643662259
348,81,-0.025149074964290336
348,97,-0.025461812591886086
348,113,-0.019145949115569438
347,129,-0.017613359673706856
347,145,-0.018989784671763519
347,161,-0.033931677410544855
347,177,0.0024329906989199656
347,193,-0.012253480811076238
347,209,-0.018518472406805247
347,33,-0.0064206152810433407
347,49,-0.013144524644901821
347,65,0.0072054260620946428
347,81,-0.005149370462243303
347,97,-0.027029402174658171
347,113,-0.01263608198933895
346,129,-0.028547287515622334
346,145,-0.0057616672689777193
346,161,-0.013934725045243639
346,177,-0.013910018037904624
346,193,-0.027551344182297755
346,209,-0.021513025644541415
346,33,-0.023908037092445395
346,49,-0.030709904310084853
346,65,-0.010861176462120523
346,81,-0.019537235839727749
346,97,-0.021724991146501837
346,113,-0.021329888434060685
373,17,-0.014155155436257151
372,17,-0.00688982726398258
371,17,-0.0073470281440262035
370,17,-0.021656792978749648
369,17,-0.031034210914662675
368,17,0.004993184556198225
367,17,0.00015430146089760491
366,17,0.017047925237810527
365,17,-0.011794643980564743
364,17,0.00028033351529091304
363,17,-0.015040190323318086
362,17,-0.0072815233997081544
361,17,-0.00099677018766734706
360,17,-0.00095148018252573562
359,17,-0.02164573739523162
358,17,-0.022886218616315325
357,17,-0.01461668955702475
356,17,-0.0006621777190424313
355,17,-0.029269844706126466
354,17,-0.0055225585362630274
353,17,-0.011817226682912914
352,17,-0.018705177961412401
351,17,0.017014758823858576
350,17,0.0052851973694268209
349,17,-0.0013360804348009757
348,17,-0.016178739539266494
347,17,-0.015679583265452199
346,17,-0.026367428521706315
373,225,0.0013261258532241066
372,225,-0.0098456438081959904
371,225,-0.034363163465884146
370,225,-0.029389823417386701
369,225,-0.035314553083129606
368,225,-0.021540684830140783
367,225,-0.0022017964753681674
366,225,-0.017544676012866606
365,225,-0.02273923165146801
364,225,-0.017487357188940435
363,225,-0.021136884362113192
362,225,-0.0025907343895153713
361,225,0.002165100706226161
360,225,-0.007610098024514224
359,225,0.0036334149797398988
358,225,-0.0068700545239322773
357,225,-0.026093462253854373
356,225,0.0085736007745764019
355,225,-0.042532080173973183
354,225,-0.011618522055610604
353,225,-0.024465433758682788
352,225,-0.0067141534285840593
351,225,-0.0016465463306747968
350,225,-0.014679629575298669
349,225,-0.013212471142918384
348,225,-0.037392446870921178
347,225,-0.0021333224723946533
346,225,-0.0049669599771635809
339,130,-0.014850170445458248
339,146,-0.023400284687056402
339,162,-0.022557119277572889
339,178,-0.044009485510403096
339,194,-0.016049140950352297
339,210,-0.01553011861708074
339,34,-0.014784986406080849
339,50,-0.012076504671608567
339,66,-0.020289938029883249
339,82,-0.016648352042499242
339,98,-0.029536712225450554
339,114,-0.022976676119373585
338,130,-0.0049992729409446242
338,146,-0.022254228208060993
338,162,-0.016062065758092964
338,178,-0.013015057986657058
338,194,-0.011640509739236601
338,210,-0.033626421359501821
338,34,-0.0010472234141802479
338,50,-0.015378868990358546
338,66,-0.010829010167016071
338,82,-0.039594790146963613
338,98,-0.036338623932254406
338,114,-0.040200658855138141
337,130,-0.023963731509577531
337,146,-0.0062011247722387544
337,162,-0.017005298844823095
337,178,-0.01168179262992753
337,194,-0.010621787994065343
337,210,0.0005734372483730901
337,34,0.0026667885842997369
337,50,-0.029014360091826969
337,66,-0.02232792946690779
337,82,-0.023135351370898546
337,98,-0.0065762489114548966
337,114,0.0047630872920096014
336,130,-0.016717347133542879
336,146,-0.021605328467013105
336,162,-0.010100683290455513
336,178,-0.01160873810520772
336,194,-0.001394547985779083
336,210,3.219575875351952e-05
336,34,-0.010509886351654153
336,50,-0.0066329047918950888
336,66,-0.012928266334444471
336,82,-0.02496883677127024
336,98,-0.0084396840380327378
336,114,-0.0013951867154897183
335,130,-0.024940415709485703
335,146,-0.025341523850356772
335,162,-0.025703999861352866
335,178,0.00071404570337043098
335,194,-0.01199664604929351
335,210,0.00071418946108686785
335,34,-0.0072304101097272564
335,50,-0.021265091255040384
335,66,-0.027546129552545682
335,82,-0.033003371468431582
335,98,0.0043954013495097286
335,114,-0.032541570316853813
334,130,-0.02238157066940611
334,146,-0.030143195877557753
334,162,-0.026952614493674157
334,178,-0.012382795904068829
334,194,-0.012832156666156015
334,210,-0.025297142119619542
334,34,-0.030457064858567608
334,50,0.0062960255412932379
334,66,-0.017139987866971584
334,82,-0.033293847844183655
334,98,-0.014747122338537319
334,114,-0.012617373899395231
333,130,-0.013162400960866606
333,146,-0.038600376664384692
333,162,-0.027353535256183427
333,178,-0.029321413014690843
333,194,-0.023135981717769639
333,210,-0.012968325681182653
333,34,-0.018045134759288154
333,50,-0.030626989004650884
333,66,-0.031742047665091089
333,82,-0.027207669755090171
333,98,-0.018991495572853088
333,114,-0.01313051385646574
332,130,0.00085730138565470162
332,146,-0.018683197575786889
332,162,-0.032588661395913023
332,178,-0.029015039877226607
332,194,-0.016613808449904444
332,210,-0.028540305091910585
332,34,-0.0084425680641744237
332,50,-0.0099135798232559153
332,66,-0.01784260263202957
332,82,-0.01958620421899944
332,98,-0.013242817907010738
332,114,-0.034128401586399633
331,130,0.010014471553939867
331,146,0.0029439435997434924
331,162,-0.0044042084640088719
331,178,-0.019164129755592736
331,194,-0.015103843075106324
331,210,-0.034820839534378166
331,34,-0.0098328263589069712
331,50,0.004442480238653952
331,66,-0.02838863563595288
331,82,-0.023701432841195937
331,98,-0.011154441821760385
331,114,-0.010407427287750844
330,130,-0.0050296364449028868
330,146,-0.016308234775046105
330,162,-0.034474550559036532
330,178,-0.010591239212045874
330,194,-0.015817557328419603
330,210,-0.0044336298568137117
330,34,-0.0071600572339613547
330,50,-0.027016005213749573
330,66,-0.029268767505683618
330,82,-0.0056417216002246405
330,98,-0.016234471913828916
330,114,-0.019279518407530588
329,130,-0.023909629824219628
329,146,-0.0082412829160490048
329,162,-0.021572774705721498
329,178,-0.020860715688944046
329,194,-0.0068475343740909177
329,210,-0.022070298074030353
329,34,-0.0040306594790385708
329,50,-0.018794625086446075
329,66,-0.020129150029158785
329,82,-0.036936545258251213
329,98,-0.024382442724549046
329,114,0.0056947002857510145
328,130,-0.036449945086258394
328,146,-0.0054278911313369984
328,162,-0.020581329894031098
328,178,-0.0082034474018236481
328,194,-0.031415305626061027
328,210,-0.026236239563233666
328,34,0.0011553873761742126
328,50,-0.023787356040483175
328,66,-0.014096189739718296
328,82,-0.018089769531438434
328,98,-0.0175901606714353
328,114,-0.025341491583805106
327,130,0.012287657346826259
327,146,-0.016390580207499516
327,162,-0.025842450314445011
327,178,-0.022551618589472168
327,194,-0.022766085115940408
327,210,-0.038309654932099826
327,34,-0.0023022479179184182
327,50,0.00048633498461447876
327,66,-0.019592626066017613
327,82,-0.0082708583453274739
327,98,-0.035509327219028504
327,114,-0.01715305108073354
326,130,-0.02365886763947327
326,146,-0.016136084297965675
326,162,-0.007504348283518647
326,178,-0.027861969866658867
326,194,-0.013259736092572348
326,210,-0.016482995940271149
326,34,-0.025758460966016788
326,50,-0.00084700279253337066
326,66,-0.0030679724070520348
326,82,-0.021932004773773411
326,98,-0.010701975185015762
326,114,-0.025465221003576913
325,130,-0.0055557395002415431
325,146,-0.029623653284299525
325,162,-0.0041504080635083266
325,178,-0.026519467203330559
325,194,-0.0060247534002022809
325,210,-0.013104311713111941
325,34,-0.022632275177105778
325,50,-0.035971032610828298
325,66,-0.0081467087558521317
325,82,-0.0029251683762194038
325,98,-0.010317518806637725
325,114,0.00050294804900382858
324,130,0.0044473548947693235
324,146,-0.0089891209379056366
324,162,-0.033274924865559628
324,178,-0.032726981341015628
324,194,-0.016223776907304838
324,210,-0.011093054128868249
324,34,-0.016257228158855632
324,50,-0.022842989892068503
324,66,-0.014059859821914506
324,82,-0.033206925954567368
324,98,-0.032761369357646106
324,114,-0.0080355651322088304
323,130,-0.013283483713858612
323,146,-0.010603075224902902
323,162,-0.022127353612582099
323,178,-0.015561854953857009
323,194,-0.020667703829808596
323,210,-0.00032284904031247124
323,34,-0.019916495689522851
323,50,-0.014719423417431514
323,66,-0.0084527345286262955
323,82,-0.016344218118881444
323,98,-0.008303411013280618
323,114,-0.018889239431011392
322,130,-0.012015605584942485
322,146,-0.016341477279565701
322,162,-0.0021209040575472715
322,178,-0.0043020235860047433
322,194,-0.0335516415203993
322,210,-0.028567620722066814
322,34,-0.035625848410958359
322,50,0.00035672586720049041
322,66,-0.025725495304411632
322,82,-0.014647399056855281
322,98,-0.042180344956130073
322,114,0.0045701239499238095
321,130,-0.011260581620513984
321,146,-0.0066309175830529549
321,162,-0.013608618720536855
321,178,-0.013516548494156401
321,194,-0.012579019835414079
321,210,-0.0048549614544648196
321,34,-0.028247868931552161
321,50,-0.034217415233137198
321,66,-0.0041956099745666577
321,82,-0.019144920656047566
321,98,-0.016718030227713288
321,114,-0.0019579679141034216
320,130,-0.031547592997552575
320,146,-0.024623015619010376
320,162,-0.023942533827717476
320,178,-0.0090588408344698165
320,194,-0.040414787256365346
320,210,-0.018940602377540711
320,34,-0.030305942343430828
320,50,-0.0138475291917736
320,66,-0.051404299162661864
320,82,0.0076584490629364697
320,98,-0.0071569511899369723
320,114,-0.03010950421095672
319,130,-0.024437898536019367
319,146,-0.025383157880311234
319,162,-0.020186447647393434
319,178,-0.017572197434664
319,194,-0.022091735526776155
319,210,-0.022091674734695255
319,34,-0.026523161750271331
319,50,-0.013261952787410889
319,66,-0.039516053333277838
319,82,-0.032083994936612806
319,98,-0.0068104504111387082
319,114,-0.0019018984507821175
318,130,-0.020935801982222366
318,146,-0.035953022544798478
318,162,-0.019234177193531307
318,178,-0.019873282008047052
318,194,-0.029466051419462333
318,210,-0.012415100475841124
318,34,-0.011371715794006549
318,50,-0.019849687937276646
318,66,-0.015087244195985446
318,82,-0.027150219855113001
318,98,-0.0094295010548347789
318,114,-0.025655805475916643
317,130,-0.013838713241804908
317,146,-0.017361259651708032
317,162,-0.026495453105015745
317,178,-0.0010992942525288793
317,194,-0.0048000716269855697
317,210,-0.019581563601831702
317,34,-0.023109801260269403
317,50,0.0035028392050645502
317,66,0.0032237102652707809
317,82,-0.016334756945355897
317,98,-0.027183484115374454
317,114,-0.022480165727508019
316,130,-0.025403932859548492
316,146,-0.0096119007929751626
316,162,-0.03819489675101588
316,178,-0.013291009316329887
316,194,-0.026728090788356047
316,210,-0.018071198699431565
316,34,-0.032838869541009348
316,50,-0.024444524611255743
316,66,-0.030759028564815025
316,82,-0.013776947508846216
316,98,-0.023557168340404413
316,114,-0.010892756122853217
315,130,-0.026463379188118578
315,146,-0.022189720806039322
315,162,-0.018249976612953744
315,178,-0.033666129466601691
315,194,0.0012805999537261908
315,210,-0.014751067271307232
315,34,-0.016712261326763209
315,50,-0.0065557832157025694
315,66,-0.015395837273703522
315,82,-0.022062457469009006
315,98,-0.022419795712436255
315,114,-0.013298686580342044
314,130,-0.02007767801638757
314,146,-0.024536652836947098
314,162,-0.017723533634870735
314,178,-0.037189269901348819
314,194,-0.013347410172852049
314,210,-0.023385107162482589
314,34,-0.017507755355656789
314,50,-0.02639216886455667
314,66,-0.00088105610548256546
314,82,-0.043146365041892711
314,98,-0.028715568444014287
314,114,0.0034380384385307803
313,130,-0.020909508793548602
313,146,-0.031807497552811287
313,162,-0.012691922084462527
313,178,-0.028761552368754245
313,194,-0.032080592672791917
313,210,-0.0051040462852368707
313,34,-0.011704720543561564
313,50,-0.024595250525263034
313,66,-0.0069183392896868534
313,82,-0.028075883266854181
313,98,-0.018794342407970701
313,114,-0.017846685164978247
312,130,-0.0064185690095397941
312,146,-0.011076336493977166
312,162,-0.039889848881608729
312,178,-0.027496430429875627
312,194,-0.012247235285859873
312,210,-0.0088612729381021809
312,34,-0.022541245495098845
312,50,-0.033741350835140377
312,66,-0.020711395274236544
312,82,-0.026625266248353888
312,98,-0.025328966804087562
312,114,-0.018445884252071169
339,18,-0.019890760731368379
338,18,-0.0025281327280641157
337,18,-0.026705750143290817
336,18,-0.021828630876398396
335,18,-0.0079786855745841226
334,18,-0.04305789681795865
333,18,-0.0042588795854552166
332,18,-0.0074644470613630188
331,18,0.0064384757508290881
330,18,-0.012815756462918762
329,18,-0.0062157611992659572
328,18,0.0072111895618579948
327,18,-0.019894386006861432
326,18,-0.012176260304563971
325,18,-0.024063437172032472
324,18,-0.021338212999768867
323,18,-0.013088840433665773
322,18,-0.019143475392797919
321,18,0.013627499709107796
320,18,-0.016396059055051052
319,18,-0.023126084884727303
318,18,0.0017527028265312654
317,18,-0.008325966713658867
316,18,-0.012002519445682171
315,18,-0.0094330752585950837
314,18,0.011279339542576233
313,18,-0.016022584698627849
312,18,-0.0010785645594810556
339,226,-0.0032409672145920576
338,226,0.0034622511389261288
337,226,-0.026861771172484693
336,226,-0.0090627365751629312
335,226,-0.010525790924351972
334,226,-0.014581398574399001
333,226,-0.0078553080931898049
332,226,-0.0097531110813187261
331,226,-0.024497299356243347
330,226,-0.02205616301003736
329,226,-0.03346951007623522
328,226,-0.0088214013601625504
327,226,-0.0096647684048375791
326,226,-0.015388125252405431
325,226,-0.018972293953936709
324,226,-0.035873021724733903
323,226,-0.0060466495019915563
322,226,-0.010354317601833052
321,226,-0.038959611107573497
320,226,-0.019910687297328242
319,226,-0.022651672625139108
318,226,-0.00061922599281245458
317,226,-0.014911872753347837
316,226,-0.036240419424079968
315,226,-0.034305402778360278
314,226,-0.0027438342596974377
313,226,-0.011972613068666945
312,226,-0.013817952387233224
373,130,-0.013131976665656271
373,146,-0.024180557653244329
373,162,-0.030572056252350772
373,178,-0.029701172087487408
373,194,-0.041494158836976401
373,210,-0.031286334031386122
373,34,-0.026415303629582589
373,50,-0.024855815294513684
373,66,-0.024405242491421456
373,82,-0.028549847738543244
373,98,-0.038223533018940152
373,114,-0.02204930078267673
372,130,-0.010614925909915923
372,146,0.0024517978789652438
372,162,-0.019506965665847305
372,178,-0.035466556611938878
372,194,-0.0076004487790013713
372,210,-0.0093643394393173787
372,34,0.0008963962811713948
372,50,-0.015463860500448507
372,66,-0.016988634476997038
372,82,-0.014065721332873701
372,98,-0.021073835540567711
372,114,-0.037040070938969279
371,130,-0.03099138350094776
371,146,-0.011088621945312493
371,162,-0.016492589557695982
371,178,-0.01272270105581136
371,194,-0.02530083967209033
371,210,-0.01432250658511409
371,34,-0.01765174504203772
371,50,-0.00091554352866167563
371,66,-0.0045397873407067415
371,82,-0.020485450269031726
371,98,-0.020555849775713578
371,114,-0.023367914203429176
370,130,-0.037927806147993487
370,146,-0.006663673716337499
370,162,-0.029676935393462847
370,178,-0.027872842065127825
370,194,-0.014274863356679665
370,210,-0.020489826285817334
370,34,0.0036557507110381118
370,50,-0.028609872270051975
370,66,-0.037168593013245703
370,82,-0.032532662599080248
370,98,-0.018542358832458639
370,114,-0.02480270952259727
369,130,-0.022692036669823352
369,146,-0.023466998594432086
369,162,-0.02273027121609254
369,178,0.0044183193333968054
369,194,-0.0081928761552563824
369,210,-0.030742344339938762
369,34,-0.018936632926482407
369,50,-0.022251937258052142
369,66,-0.020079539802261202
369,82,-0.018447121017509248
369,98,-0.0052389631340309939
369,114,-0.0096628371175464106
368,130,-0.006194968327955552
368,146,-0.0064931435943008601
368,162,-0.0074827902634702868
368,178,-0.029315399102327857
368,194,-0.01103473188988786
368,210,-0.033686543384795681
368,34,-0.038270391110639485
368,50,-0.020659943217382501
368,66,-0.024951434952512883
368,82,-0.026274113567962266
368,98,-0.021901323443580398
368,114,-0.0072690948897534231
367,130,-0.011247740602442945
367,146,-0.020010617193477437
367,162,-0.015092280366988935
367,178,-0.021710384381007496
367,194,-0.019844162984165682
367,210,-0.020317688768466066
367,34,-0.02479454974052225
367,50,-0.019490546241292213
367,66,-0.019374297091341541
367,82,-0.02575792276798872
367,98,-0.014717098315645639
367,114,-0.015938000791903422
366,130,-0.0091236095470314978
366,146,-0.004063670177485104
366,162,-0.033181530607839155
366,178,-0.017333054585200545
366,194,-0.016901888388019169
366,210,-0.030293620644571907
366,34,0.00016327577943241688
366,50,-0.026169336169362931
366,66,-0.012309692166361678
366,82,-0.014279758074264922
366,98,-0.033522353349547312
366,114,-0.0013785929052719179
365,130,-0.010520355889702074
365,146,-0.02426258947158837
365,162,-0.018909880042976192
365,178,-0.01259177083602557
365,194,-0.019101338430682336
365,210,-0.013228743368455108
365,34,-0.023100006254526861
365,50,-0.045780472333325023
365,66,-0.026865721407445916
365,82,-0.023417052223260047
365,98,-0.016289182160224114
365,114,-0.032099664463260152
364,130,-0.030518864470169767
364,146,0.0012734282680941554
364,162,-0.012846456833247921
364,178,-0.005468741737671365
364,194,-0.022168367606582105
364,210,-0.044638273121869965
364,34,-0.025232105121298462
364,50,-0.018435914697565701
364,66,-0.020605522418516042
364,82,-0.023052284419087424
364,98,-0.02261204483925415
364,114,-0.0080398948101467766
363,130,-0.028513176562682461
363,146,-0.015848728170548276
363,162,-0.039831520887773385
363,178,-0.032146662707389896
363,194,-0.024370346726298439
363,210,-0.022413574182295733
363,34,-0.022760189810955442
363,50,-0.0089612577896305487
363,66,-0.030677222150955519
363,82,-0.040161605207049846
363,98,-0.015160168445416733
363,114,-0.028831806684674735
362,130,-0.00011480057260857519
362,146,-0.001455830885163712
362,162,-0.035061449627040872
362,178,0.0045354978751708372
362,194,0.0064478103645292028
362,210,-0.014534294251026321
362,34,-0.0054181714945549971
362,50,-0.0228350809993083
362,66,-0.01501738154323214
362,82,-0.032724269472674865
362,98,-0.031291672111098172
362,114,-0.011063469463174725
361,130,-0.021800356375046317
361,146,-0.023500972909318667
361,162,-0.015851042261259208
361,178,-0.021980323310878538
361,194,-0.015141205668732128
361,210,-0.024274705022440366
361,34,-0.023139409344340306
361,50,-0.016499449983366291
361,66,-0.00017024561059539352
361,82,-0.0032663687135179018
361,98,-0.0089534987819193355
361,114,-0.025694132363597084
360,130,-0.015404459091992704
360,146,-0.031955035084984991
360,162,-0.015400956075431694
360,178,-0.014921925308939155
360,194,-0.037749476787355345
360,210,-0.035386037841902057
360,34,-0.011305437336256444
360,50,-0.013997622529503501
360,66,-0.010214528295326522
360,82,-0.038941126109218849
360,98,-0.024292591012653516
360,114,-0.029142689653696915
359,130,-0.012792859700883978
359,146,-0.0012539480676624255
359,162,-0.017648455877066226
359,178,-0.020259549408434149
359,194,-0.015857565309078215
359,210,-0.0192958099470068
359,34,-0.01222359913413055
359,50,-0.024402466251505536
359,66,-0.039217053444057459
359,82,-0.0096833259613930585
359,98,-0.018995686619907491
359,114,0.0031248728960817261
358,130,-0.023909442701717323
358,146,-0.014547973978392281
358,162,-0.038242457634560821
358,178,-0.026508548133604669
358,194,-0.017647131697719368
358,210,-0.035886276993014901
358,34,-0.031421132128520567
358,50,-0.020558341931882843
358,66,-0.0091609221434781115
358,82,-0.029219468067632585
358,98,0.0018681647843807911
358,114,-0.011714883190646374
357,130,-0.013048396812241651
357,146,-0.030026671264386229
357,162,-0.016732606947657689
357,178,-0.015555680277980776
357,194,-0.037431843499344523
357,210,-0.01294034555430819
357,34,-0.025266338227782834
357,50,-0.024436283773586684
357,66,-0.019421461753853165
357,82,-0.025144620786416449
357,98,-0.02917877166558815
357,114,-0.0054283883456196329
356,130,-0.014188031356132898
356,146,-0.03436889789605941
356,162,-0.040891361025259566
356,178,-0.03085188238773948
356,194,-0.033614533732859525
356,210,-0.016978000223035829
356,34,-0.0050457350711922509
356,50,-0.018794629187926463
356,66,-0.016849362820179511
356,82,0.00023849035552072012
356,98,-0.02910385883530392
356,114,-0.024178937298224998
355,130,-0.027105112468491066
355,146,-0.0094845764456813267
355,162,-0.023457984778658209
355,178,-0.018293556355031985
355,194,-0.025489287378155395
355,210,-0.0085028644945367646
355,34,-0.019983965128498284
355,50,-0.0072860275471405096
355,66,-0.018834572742328151
355,82,-0.013852644105851873
355,98,0.0093796342331091583
355,114,-0.012450624131444115
354,130,-0.0056945378054434684
354,146,-0.012117063023820084
354,162,-0.015592904912297209
354,178,-0.026715636710968847
354,194,-0.024082730307827468
354,210,-0.032080817403099544
354,34,-0.016920511153215887
354,50,-0.045062047767527806
354,66,-0.033975507900298726
354,82,-0.041113550305722099
354,98,0.0013943766515229212
354,114,-0.035237982886192273
353,130,-0.02315999034115274
353,146,0.0067131865147353146
353,162,-0.027308305540331316
353,178,-0.016838482860898538
353,194,-0.0042667836164326104
353,210,-0.036905618566087511
353,34,-0.0064435341463009868
353,50,-0.020760516723268719
353,66,-0.017169455472671621
353,82,-0.0024685493509234505
353,98,-0.012176662739498838
353,114,-0.020733425351748287
352,130,-0.028237125943675525
352,146,-0.035902369704052743
352,162,-0.022899756746103728
352,178,-0.045873788130976874
352,194,-0.0083436258112999061
352,210,-0.038459720542827244
352,34,-0.022517100198172383
352,50,0.0033178654822484908
352,66,-0.033442583467868665
352,82,-0.020502309117669867
352,98,0.0016286598167750169
352,114,-0.019463958275656942
351,130,-0.0091248151999877014
351,146,-0.027225708054327068
351,162,-0.016195522853724376
351,178,-0.025743493972428626
351,194,-0.020142565938392379
351,210,-0.040962090790285559
351,34,-0.017111135217716251
351,50,-0.0098573544653975925
351,66,-0.00040979618219563377
351,82,-0.0040756557435631833
351,98,-0.014620070702359256
351,114,-0.034100986133646698
350,130,-0.01875792430896718
350,146,-0.015945892207932078
350,162,-0.025818494882938373
350,178,-0.012487011071761997
350,194,-0.052009549005485642
350,210,-0.012793690653712912
350,34,-0.034279385150495889
350,50,-0.024561003263589908
350,66,-0.012746086696447228
350,82,-0.021250416671546077
350,98,-0.023646629554445391
350,114,-0.012530077967202938
349,130,-0.012958983734710694
349,146,-0.022874760439646515
349,162,-0.019831803017219013
349,178,-0.031097543557122093
349,194,-0.034317936527699489
349,210,-0.017975463706906867
349,34,-0.009411266771919849
349,50,-0.024131150100228593
349,66,-0.03927575703282328
349,82,-0.013585929876559797
349,98,-0.0035901476987502557
349,114,-0.011107688711432915
348,130,-0.018684189993480191
348,146,-0.0080377432678945
348,162,-0.035299513840949037
348,178,-0.024961056182420165
348,194,-0.021885398404075287
348,210,-0.0032675948219927377
348,34,-0.022627592190975491
348,50,-0.029273750442353457
348,66,-0.025201000576708654
348,82,-0.034778474115340824
348,98,-0.040326057344523249
348,114,-0.020509924466213528
347,130,-0.0061541739555698582
347,146,-0.042820776517248992
347,162,-0.021140698437338932
347,178,-0.010793625531130741
347,194,-0.035440205034896852
347,210,-0.031891443785523388
347,34,-0.011532030580258678
347,50,-0.04080055136695019
347,66,-0.01295523797077071
347,82,-0.028831194123094588
347,98,-0.02389575610507921
347,114,-0.02477971906797144
346,130,-0.030498244002035463
346,146,-0.023723137427441927
346,162,-0.0056129760042534123
346,178,-0.012487400105733439
346,194,-0.048906940501776928
346,210,-0.019392135580046096
346,34,-0.025849643164100471
346,50,-0.026986348565425138
346,66,-0.022762109727622087
346,82,-0.002446625643447573
346,98,0.0011010079006036741
346,114,-0.021042477767636375
373,18,-0.015014796230355475
372,18,-0.0033861994726844171
371,18,-0.037252834978857598
370,18,-0.016734353099869492
369,18,-0.032778535832225952
368,18,-0.0074265282769554056
367,18,0.0091736377045952989
366,18,-0.024180221561770701
365,18,-0.01026220591643863
364,18,0.0022492409332879252
363,18,-0.013552560604862067
362,18,-0.018093922803779566
361,18,-0.005682204238918475
360,18,-0.0041629591792522016
359,18,-0.021378242061438835
358,18,-0.0095653958755851937
357,18,0.0022173808684145591
356,18,-0.024513414171360423
355,18,0.010234837026426085
354,18,-0.005599386389764047
353,18,-0.002046025418714082
352,18,-0.03845337458834918
351,18,-0.0066727866470841172
350,18,0.00072582589891712621
349,18,-0.0080559717203468901
348,18,-0.015911057430963157
347,18,-0.015724001526596837
346,18,-0.02727812705363233
373,226,-0.040481934183892787
372,226,-0.012013043412131753
371,226,-0.011217283071261104
370,226,-0.0050024443217861958
369,226,-0.023465117330818384
368,226,-0.032676628078383813
367,226,-0.012870150108028231
366,226,-0.0095869907319180905
365,226,-0.014400339714901253
364,226,-0.011662915351094294
363,226,-0.011917473807317799
362,226,-0.010754418498351872
361,226,0.0070223902498825859
360,226,-0.026444409671512206
359,226,-0.022249848358083961
358,226,-0.015230015680939568
357,226,-0.032530091007519732
356,226,-0.02641546963052175
355,226,-0.002199270684132228
354,226,-0.019195885428791047
353,226,-0.023694954964287869
352,226,-0.022303364233159265
351,226,-0.023867465097822307
350,226,-0.025174094449190693
349,226,-0.0091871939978562106
348,226,-0.010275153904766412
347,226,-0.0081283018676995122
346,226,0.004623478108468383
339,131,-0.003647371844883996
339,147,-0.027609838251624667
339,163,-0.023006878851169334
339,179,-0.014583269514015142
339,195,-0.0091969464068776159
339,211,-0.047135383626062941
339,35,-0.01884219755124078
339,51,-0.011561535071419828
339,67,-0.030286073387348296
339,83,-0.03768017530331072
339,99,-0.013166790349471826
339,115,0.00094152488645873097
338,131,-0.0018220350229686154
338,147,0.003888246894731938
338,163,-0.026264206178404876
338,179,-0.017699365354112373
338,195,-0.022021464191791355
338,211,-0.039260158074494837
338,35,-0.01890003843136015
338,51,-0.031535681603354473
338,67,-0.038486603364921941
338,83,-0.042412307916138231
338,99,-0.012781022493283023
338,115,-0.019163823405122349
337,131,-0.022228016174958454
337,147,-0.018952766087333296
337,163,-0.016245682237933441
337,179,-0.016777988860472489
337,195,-0.018563899934068245
337,211,-0.01111960348963624
337,35,-0.035355421091416803
337,51,-0.0027696867040107667
337,67,-0.0098782730355197919
337,83,-0.0044260350564317257
337,99,-0.025114001113193
337,115,-0.030281837871587367
336,131,-0.013405309547822163
336,147,0.010795017712879771
336,163,-0.018320574469459481
336,179,-0.024436305265902486
336,195,-0.029852362736829598
336,211,-0.014819422093892734
336,35,-0.0071780889304625967
336,51,-0.0078364364345975632
336,67,-0.043644217669887214
336,83,-0.027686055640812172
336,99,-0.011798642640265951
336,115,-0.031483154750748921
335,131,-0.017667070880940154
335,147,-0.008458707611749855
335,163,-0.0095501079649111028
335,179,-0.011192416518344859
335,195,-0.04779753358037709
335,211,-0.01330820625380451
335,35,-0.02227099167192808
335,51,-0.014758771979321825
335,67,-0.013862929602302622
335,83,-0.012385839599116056
335,99,-0.021808706012332108
335,115,-0.013840462332187765
334,131,-0.0059956595952447523
334,147,-0.022408553086513253
334,163,-0.021142270424633621
334,179,-0.028194915120416952
334,195,-0.030832124089401287
334,211,-0.018946079650123709
334,35,0.0073589583885295372
334,51,-0.029599612315759926
334,67,-0.032914154205098543
334,83,-0.021823040242240348
334,99,-0.0052722183433347386
334,115,-0.01341468604810544
333,131,-0.022828030686582783
333,147,-0.0039374393201516188
333,163,-0.0030482475647152841
333,179,-0.025328252042087756
333,195,-0.011579938987752498
333,211,-0.0057625180094671123
333,35,-0.015188524535784481
333,51,-0.0084754241896275173
333,67,-0.037694451267267594
333,83,-0.024830928480475987
333,99,-0.0074316150669331889
333,115,-0.011397891675944537
332,131,-0.028280694446804019
332,147,-0.032031802247339564
332,163,0.0084475259671239478
332,179,-0.039966872238381052
332,195,-0.027282212781697297
332,211,-0.0044889642055757246
332,35,-0.0046612552445100507
332,51,-0.025658616650565833
332,67,-0.017890609601632031
332,83,-0.02278339069879488
332,99,-0.043729517146509245
332,115,-0.026858144110058262
331,131,-0.044451015028662021
331,147,-0.01366737109866009
331,163,0.0077274642109418567
331,179,-0.028062744405887515
331,195,-0.017551138484288586
331,211,-0.0018810141432715471
331,35,-0.012784011189087015
331,51,-0.0095337024108901221
331,67,-0.035400750870576654
331,83,-0.015736515975634146
331,99,-0.021725542549135706
331,115,-0.020443200378690716
330,131,-0.010053667475528983
330,147,-0.015907202222150092
330,163,-0.0012335070971199479
330,179,-0.029129533775023874
330,195,-0.022695449803722262
330,211,-0.018344420611586924
330,35,0.0066002666078959615
330,51,-0.032691436132533704
330,67,-0.030068173010538251
330,83,-0.016632626575412039
330,99,-0.025207640348487843
330,115,-0.027126767917238004
329,131,-0.00018781808397881413
329,147,-0.019367707073378822
329,163,-0.035919227100796806
329,179,-0.0041091740718716806
329,195,-0.045877290177197431
329,211,-0.0055946858858121114
329,35,-0.016035905337717475
329,51,-0.02018389608906427
329,67,0.011305050168355382
329,83,-0.028364003511362788
329,99,-0.043895992966066992
329,115,-0.0028936184354876613
328,131,-0.010247989635311162
328,147,-0.027440086970837795
328,163,-0.018276026711706871
328,179,-0.022765984736262051
328,195,-0.015895190810713448
328,211,-0.032720604387419645
328,35,-0.044475961944354242
328,51,-0.030691831744009551
328,67,-0.009313088734318407
328,83,-0.0092290727552876567
328,99,-0.015465064972276945
328,115,-0.031255627911126065
327,131,-0.0098934245202858696
327,147,-0.025249971331766395
327,163,-0.016776597693004432
327,179,-0.03180935904725278
327,195,-0.020454452164451697
327,211,-0.01423193147768234
327,35,-0.0098242293528034257
327,51,-0.019079336878507144
327,67,-0.0071525866028801536
327,83,-0.02316389938580796
327,99,-0.0042527257625442662
327,115,-0.0059060502604771333
326,131,-0.018063697573568349
326,147,-0.014000755422628063
326,163,-0.021108417296361242
326,179,-0.00019845240282166484
326,195,-0.017778514127246542
326,211,-0.013533104795334931
326,35,-0.011604435385861922
326,51,-0.030985326587978972
326,67,-0.023459684272810446
326,83,-0.015822822841257113
326,99,0.00040082798928066637
326,115,-0.013896464467372492
325,131,0.0010346849748413215
325,147,-0.018992568957115513
325,163,-0.0091072233062251505
325,179,-0.011783344666943679
325,195,-0.02813409711024626
325,211,-0.0051480661663317728
325,35,-0.010588020184787059
325,51,-0.043816779656315349
325,67,-0.015160482381031822
325,83,-0.025308238018621105
325,99,-0.0011429025832074005
325,115,0.0073839263229725852
324,131,-0.016686964785879489
324,147,-0.010142260916987318
324,163,-0.034151946833111624
324,179,-0.013098356860134783
324,195,-0.012880501703819009
324,211,-0.020397532588381687
324,35,-0.0036056700584530389
324,51,-0.0048750132445398789
324,67,-0.011521697842801503
324,83,-0.042094168475302896
324,99,-0.025810323782394305
324,115,-0.023149621674741598
323,131,-0.019887589537415529
323,147,-0.023221979968279672
323,163,-0.0059709866040166953
323,179,-0.024499094412534443
323,195,-0.016286499648086542
323,211,-0.0075250180195330909
323,35,-0.017491709259514827
323,51,-0.010558980745187685
323,67,-0.04111590371772339
323,83,-0.01174137235260559
323,99,-0.015948623107979964
323,115,-0.01541358446074232
322,131,-0.0096715207691055807
322,147,-0.034333108206515549
322,163,-0.029234528930693313
322,179,-0.033660636134287519
322,195,-0.006940741581154773
322,211,-0.017535396683318223
322,35,-0.026082473384516587
322,51,-0.015540269064640937
322,67,-0.011332351975716613
322,83,-0.022767042123555445
322,99,-0.015587504828764613
322,115,-0.033720977284848422
321,131,-0.010015724052486621
321,147,-0.029615475060324317
321,163,-0.019865501471587953
321,179,-0.013069662186078856
321,195,-0.0314978912068202
321,211,-0.026937664154578753
321,35,-0.010980229124790616
321,51,-0.0038578366306143688
321,67,-0.038235377172842977
321,83,-0.017883326250431025
321,99,-0.024311985973457535
321,115,-0.032401882476317458
320,131,-0.0055030716494902498
320,147,-0.031602957291719143
320,163,-0.024767519566398746
320,179,-0.0066979183695419098
320,195,-0.018402073865235093
320,211,-0.031391891994920158
320,35,-0.0084660298928166174
320,51,-0.0080258848715426961
320,67,-0.024494092300166383
320,83,-0.042644131970187217
320,99,-0.021696763106071795
320,115,-0.020092056151785439
319,131,0.0055661737932259838
319,147,-0.033459233668048954
319,163,-0.0032672436304024446
319,179,-0.023503009283828032
319,195,-0.0070523670422460334
319,211,-0.037534740833374235
319,35,-0.0059775090050898884
319,51,-0.017813482066669523
319,67,-0.020874842257975285
319,83,-0.0080228160473917488
319,99,-0.035984383733710983
319,115,-0.017403810659568027
318,131,-0.018683877825007335
318,147,-0.029846110314732603
318,163,-0.017561131365271574
318,179,0.0035706224223995297
318,195,-0.038305274464435178
318,211,-0.014366272185151133
318,35,-0.020080791548741896
318,51,0.0042808252059713045
318,67,-0.032162163067303025
318,83,-0.027819142815028997
318,99,-0.02463402563884412
318,115,-0.029602582142302512
317,131,-0.030146142371426422
317,147,-0.022235433151287433
317,163,-0.024647623665326034
317,179,-0.037253185287863116
317,195,-0.0073819028524860506
317,211,-0.01491553671270756
317,35,-0.019872033189574232
317,51,-0.010762382924590483
317,67,-0.028871641552429102
317,83,-0.043588628087793076
317,99,-0.014642367676703386
317,115,-0.009247242661896032
316,131,-0.0094636281342072321
316,147,-0.011661399027035155
316,163,-0.017137137693222837
316,179,-0.0054650062552136251
316,195,-0.0014185741271795624
316,211,-0.004810395963423841
316,35,-0.012827512909391754
316,51,-0.028078586407565803
316,67,-0.0056385046363969906
316,83,-0.0055382404623526187
316,99,0.00010695366558438022
316,115,-0.023602423724222808
315,131,-0.035501171881935863
315,147,-0.023529648342553111
315,163,-0.017449671984923212
315,179,-0.00492614148539807
315,195,-0.010141998534600485
315,211,-0.056316146250754262
315,35,-0.0073419130291983922
315,51,-0.027984125881407713
315,67,-0.038671797592227629
315,83,-0.045860262629319068
315,99,-0.030502658237588496
315,115,-9.5701364535235816e-06
314,131,-0.019567934997396692
314,147,-0.0084903968848324667
314,163,-0.031386595326482976
314,179,-0.012694721531888982
314,195,-0.026351506280641541
314,211,-0.0269650563899883
314,35,-0.01264901931190744
314,51,-0.0050198969977240373
314,67,-0.030928153321333949
314,83,-0.020009023917476138
314,99,-0.011742559275190034
314,115,-0.0091812115713304863
313,131,-0.031325621055179047
313,147,-0.025816498884438977
313,163,-0.03342749257479484
313,179,-0.025477439124775455
313,195,-0.033199627993908278
313,211,-0.018305365717177269
313,35,-0.012317744451248331
313,51,-0.018806339646877272
313,67,-0.039727880910642131
313,83,-0.017972047198860076
313,99,-0.018081000884149497
313,115,-0.014119141695635112
312,131,-0.019438037971137228
312,147,-0.019477900269317658
312,163,-0.022127368784495526
312,179,-0.016905248842433447
312,195,-0.014638914476237762
312,211,-0.018041717050677222
312,35,-0.030890437442160447
312,51,-0.017446772563611542
312,67,-0.021996825125618534
312,83,-0.016978164426389095
312,99,-0.023898578016238466
312,115,-0.025662181825762305
339,19,-0.017787039659092219
338,19,-0.012346119205898122
337,19,-0.022327406330004414
336,19,-0.017838340920395095
335,19,-0.024475616448626902
334,19,-0.0069559876921541919
333,19,-0.022869827263368805
332,19,0.00462105753984753
331,19,-0.0057479064034705553
330,19,0.015149921239582156
329,19,-0.020554194437766172
328,19,0.0099342678761386565
327,19,-0.018266597376163686
326,19,-0.013308604593091432
325,19,-0.0080482226029869354
324,19,-0.019468379785957175
323,19,-0.0091852769394712534
322,19,-0.027853341331211843
321,19,-0.020503584934760559
320,19,-0.0067793850167595822
319,19,0.0010040912463694601
318,19,-0.011909568117347473
317,19,0.0041950974446669812
316,19,-0.0033945417361419487
315,19,-0.021953861111346736
314,19,-0.024298808130910038
313,19,-0.020179798674576078
312,19,-0.019536922520702289
339,227,-0.02402332803619571
338,227,-0.027442058004312389
337,227,-0.0033752069690727526
336,227,-0.0012350323257600889
335,227,-0.016858238463942105
334,227,-0.021871717997449296
333,227,-0.033691181642023116
332,227,-0.00063102220750489929
331,227,-0.0098349877319413789
330,227,-0.022447499231213718
329,227,0.0042513323556168268
328,227,-0.01491613356596457
327,227,-0.011914458411237061
326,227,-0.013789566059799408
325,227,-0.031968139884921469
324,227,0.0016967371629647223
323,227,-0.020199982875259346
322,227,-0.055142262047025256
321,227,-0.003256614579227293
320,227,-0.021385027424187828
319,227,-0.006670789257088615
318,227,0.0078726555766717669
317,227,-0.0039760479618802056
316,227,0.0047526260496205527
315,227,-0.011221128377372956
314,227,0.0053314500305284337
313,227,-0.016876958403788517
312,227,-0.016696738130817061
373,131,-0.018844603223023823
373,147,-0.0020211840110531377
373,163,-0.030349721396785601
373,179,-0.015601565704245876
373,195,-0.0093258761365986095
373,211,-0.013248540010974901
373,35,-0.0062885955829758136
373,51,-0.029319497244573674
373,67,-0.019062705616571252
373,83,-0.035001995198280657
373,99,-0.022603879441654234
373,115,-0.018112091790441324
372,131,-0.023691995010635934
372,147,-0.016387041071263604
372,163,-0.033618288133501401
372,179,-0.020650247290336609
372,195,-0.016893258170099623
372,211,-0.009345876233411923
372,35,-0.014711893334857859
372,51,-0.010910953263912329
372,67,0.009303244126852293
372,83,-0.0198606816381218
372,99,-0.0038101183270187857
372,115,-0.020546868249793588
371,131,-0.037460077088836613
371,147,-0.028549068684123623
371,163,-0.011630408750503777
371,179,0.00072638643241949396
371,195,-0.014903781791836896
371,211,-0.0030115293032104487
371,35,-0.0013917602698816614
371,51,-0.016250247074395791
371,67,-0.024229736613085005
371,83,-0.012767092940359534
371,99,-0.034815615700820049
371,115,-0.021049051724555838
370,131,-0.0036294776171497691
370,147,-0.034865803626639609
370,163,-0.0045350564203084868
370,179,-0.022499265369848514
370,195,0.0025428591918067477
370,211,-0.016346224643021014
370,35,-0.0029376933104766044
370,51,-0.019000668487755279
370,67,0.005397634553071024
370,83,-0.012316537387390265
370,99,-0.021139858889843242
370,115,-0.02083004746415346
369,131,0.00010461424443908114
369,147,-0.023838628568206781
369,163,-0.0042100122877971402
369,179,-0.026757310658590112
369,195,-0.0075599719154521702
369,211,-0.0023347798287882029
369,35,-0.0085029701419317601
369,51,-0.02225107459107685
369,67,-0.0071928222087864566
369,83,-0.034012350149075471
369,99,-0.041620806743452601
369,115,-0.024552228113358967
368,131,-0.026727524429517101
368,147,-0.016028700554012617
368,163,-0.021990407580126846
368,179,-0.0088700939396999211
368,195,-0.0077925324018482582
368,211,-0.030890655602482119
368,35,-0.011904363681988717
368,51,-0.017845097763153676
368,67,-0.037651107893505169
368,83,-0.016052801236797871
368,99,-0.0088918496615662933
368,115,-0.02384102782683124
367,131,-0.0070575712760967569
367,147,-0.02704756120732571
367,163,-0.016728951206575381
367,179,-0.033501981418396887
367,195,-0.037191267855879395
367,211,-0.019626181230317039
367,35,-0.02869738869702643
367,51,-0.011655794788751029
367,67,-0.0051635238517844639
367,83,-0.025831863573314736
367,99,-0.023083274078521475
367,115,-0.022098263461105421
366,131,-0.013746312414618182
366,147,0.0043117104931268907
366,163,-0.016760088295031256
366,179,-0.025703852800288245
366,195,-0.016211954685392278
366,211,-0.014405435044126934
366,35,-0.0064998551823351762
366,51,-0.038409807624341291
366,67,-0.012283669206868551
366,83,-0.01028459920776168
366,99,-0.01833408811281001
366,115,-0.014753895267540647
365,131,-0.023574287519280795
365,147,-0.0076443505884795952
365,163,-0.049303356453947275
365,179,-0.025353960561421914
365,195,-0.036343824032896543
365,211,-0.03575538485888733
365,35,-0.030000110034845016
365,51,-0.011752878580802744
365,67,-0.035932031613423378
365,83,-0.013362440720667012
365,99,-0.01594628220798662
365,115,-0.0047009876488805398
364,131,-0.01418639387077422
364,147,-0.020288329455569513
364,163,-0.032583722564301802
364,179,-0.021744427403748719
364,195,-0.034342590243548812
364,211,-0.023874869148092417
364,35,-0.026348213417432046
364,51,-0.018890057555287439
364,67,-0.035517696418207206
364,83,-0.0074023249879665238
364,99,-0.010017965389137622
364,115,-0.010663102275158114
363,131,0.010988254296915544
363,147,-0.044154334695636767
363,163,-0.016976398581618868
363,179,-0.0059729024446032409
363,195,0.0017870649095459387
363,211,-0.022531474038591858
363,35,-0.0017245694908996352
363,51,-0.014779516700925043
363,67,-0.029016905396644782
363,83,0.003312583964951855
363,99,-0.039997516462761895
363,115,-0.020006444220213065
362,131,-0.025447777946801982
362,147,-0.028135482349504221
362,163,-0.01035348142173528
362,179,-0.034005278788498142
362,195,-0.013227174355714615
362,211,-0.011321458356826488
362,35,-0.0088780014547545291
362,51,-0.017892638809347772
362,67,-0.0014898963765771183
362,83,-0.0079740159366592633
362,99,-0.015089128057834352
362,115,-0.035236206507175453
361,131,-0.0018620272464761705
361,147,-0.01670704116674316
361,163,-0.032147677808867348
361,179,-0.016002784923763093
361,195,-0.023885551411458168
361,211,0.0030501621098038929
361,35,-0.031214914423325094
361,51,-0.0046918878778572041
361,67,-0.009628685561572016
361,83,-0.0089677900156411999
361,99,-0.0066959948641261953
361,115,0.0062292270155007868
360,131,-0.0074362668911236657
360,147,-0.011185965721598653
360,163,-0.015933930919477226
360,179,-0.014531122707424024
360,195,-0.022741047004089264
360,211,-0.02440372057348808
360,35,-0.021754852523064944
360,51,-0.012928997172691017
360,67,-0.012461834305465127
360,83,-0.024167465522549929
360,99,-0.009672713014645052
360,115,-0.0099086075944783761
359,131,-0.007482739890014925
359,147,-0.014670826009400532
359,163,-0.022611561516128666
359,179,0.01055375234032771
359,195,-0.015303975710791709
359,211,-0.01055205373158625
359,35,-0.0047601681852931918
359,51,-0.017296156576853672
359,67,-0.024441470129775621
359,83,-0.027770802633909707
359,99,-0.012891948966028835
359,115,-0.032540714527671474
358,131,-0.030878518868093899
358,147,0.0080038159142898826
358,163,0.00095724998904472478
358,179,-0.02485519270831699
358,195,-0.033576156602043626
358,211,-0.022699816051237002
358,35,-0.011252382369150946
358,51,-0.020484460314974962
358,67,-0.024936599242230559
358,83,-0.023198459329639487
358,99,-0.0071657565429672845
358,115,-0.018313210031878219
357,131,-0.001849023024478027
357,147,-0.013500739467280703
357,163,-0.025108036316880265
357,179,-0.013209392472011109
357,195,-0.021471127995448584
357,211,-0.01581021356598012
357,35,-0.021890628172018482
357,51,-0.032981818669440367
357,67,-0.043364241001309055
357,83,-0.0027912567969400632
357,99,-0.028305032946939535
357,115,-0.012893304843306207
356,131,-0.015319233329210275
356,147,-0.022389274610337729
356,163,-0.029196024984727727
356,179,-0.019731565877811722
356,195,-0.040785073611947241
356,211,0.00649589026495996
356,35,-0.0083153529468680265
356,51,-0.012732817558045019
356,67,-0.029421831465919892
356,83,-0.021978106712441877
356,99,-0.016790624482140852
356,115,-0.023336708441455703
355,131,-0.024230451791539653
355,147,-0.025406223358747117
355,163,-0.0065796709354439611
355,179,-0.031107098436704988
355,195,-0.029605049340615933
355,211,-0.030364974449685812
355,35,-0.018683747670419928
355,51,0.00031036309682977268
355,67,-0.015577700731396357
355,83,-0.034983247101134457
355,99,-0.014808181517270922
355,115,-0.031164224559280689
354,131,-0.046970920393040634
354,147,-0.0073350505077111449
354,163,-0.0091002122166907052
354,179,-0.011078973913343768
354,195,0.0049466745055832201
354,211,-0.011253659543960386
354,35,-0.012603272677567756
354,51,-0.01710026941874386
354,67,-0.032021691925379986
354,83,-0.015007698995486778
354,99,-0.035291400835447941
354,115,-0.011845966531387784
353,131,-0.031605790280569111
353,147,-0.017647984388694988
353,163,-0.014735701306840883
353,179,-0.011297611330221098
353,195,-0.011297573044207868
353,211,0.0059039485387519007
353,35,-0.021416760310911987
353,51,-0.0071175046047333131
353,67,-0.012967246538618403
353,83,-0.020718979020593997
353,99,-0.010754924172305003
353,115,-0.013138119131448729
352,131,-0.01103858382395218
352,147,-0.0022346779885003489
352,163,-0.031470996446452397
352,179,-0.036186970418648212
352,195,-0.024394835154086941
352,211,-0.014314469567772005
352,35,-0.009061158397458512
352,51,-0.019415802154769853
352,67,0.0013314524310955879
352,83,-0.016434938873123892
352,99,-0.030377857346354432
352,115,-0.031759936072923559
351,131,-0.026273474449521515
351,147,-0.040256671263718624
351,163,-0.016470144584809686
351,179,-0.021598492029216026
351,195,-0.016410876754366657
351,211,-0.020549023260543409
351,35,-0.042270654303084784
351,51,-0.0030881055200222447
351,67,-0.018754290485999033
351,83,-0.022358611493751096
351,99,-0.013576283302397102
351,115,-0.026821679797278713
350,131,-0.025319815556299904
350,147,-0.037268807430895348
350,163,0.0026808925504944116
350,179,-0.036633385032558557
350,195,-0.012655961651530712
350,211,-0.0096322121514292956
350,35,-0.033789309922413233
350,51,-0.010048107365611809
350,67,-0.027830598929272855
350,83,-0.02210894566329635
350,99,-0.005607624143356367
350,115,-0.023740061392692999
349,131,-0.020952181036330789
349,147,-0.023572507284761263
349,163,-0.0086519532556250112
349,179,-0.034378264570181859
349,195,-0.0086125812694117353
349,211,-0.03332656880792971
349,35,0.0090290465110624777
349,51,-0.013441150292882944
349,67,-0.019034889831563515
349,83,-0.014432059753574984
349,99,-0.020463189776432255
349,115,-0.013555773286489475
348,131,-0.014781101398720107
348,147,-0.017875649153372728
348,163,-0.021402963944729597
348,179,-0.035777676650456731
348,195,-0.031508328212431429
348,211,-0.01944365603538491
348,35,0.0040197161808354391
348,51,-0.024039654613315399
348,67,-0.010547024175353368
348,83,-0.021188324751674519
348,99,-0.028251311422113044
348,115,-0.034403566838841153
347,131,-0.0034874757857145081
347,147,-0.022517688644394556
347,163,-0.027690887802318362
347,179,-0.021718115507607817
347,195,-0.053209273576386648
347,211,-0.0056436623080456105
347,35,-0.011474832046623454
347,51,-0.0035022294506045857
347,67,-0.0018861673925151534
347,83,0.0049025037831921456
347,99,-0.027427859730674211
347,115,-0.03553242298741692
346,131,-0.024097021263531491
346,147,-0.044569344646252784
346,163,0.00025756384987662967
346,179,-0.019373212794418497
346,195,-0.024369241358891149
346,211,-0.019929584791648042
346,35,-0.028129108805625715
346,51,-0.01077624897635408
346,67,-0.018037361492251529
346,83,-0.0045326185949615336
346,99,-0.0043317367679004985
346,115,-0.012423886192539283
373,19,-0.0069042334943218179
372,19,-0.019775552672559839
371,19,-0.026062849037329392
370,19,-0.0041388751924901906
369,19,0.003462795733410681
368,19,-0.029212867742047156
367,19,-0.0094067070225704996
366,19,-0.02624295060460639
365,19,-0.0069599295987068186
364,19,-0.013371838918878536
363,19,-0.0055209139925016439
362,19,-0.0084571888404871495
361,19,-0.033794607761983217
360,19,-0.028215487348601919
359,19,-0.020853098462117692
358,19,-0.0054498908965971721
357,19,-0.0056865723200811057
356,19,-0.02559093734308315
355,19,-0.018882102304683627
354,19,-0.01637987881979585
353,19,-0.01889681444929317
352,19,-0.0099450209917898002
351,19,-0.020382662052512452
350,19,0.0016889828653471248
349,19,-0.015552663853140435
348,19,-0.01905617709619083
347,19,-0.011456538129174862
346,19,0.0086585903121165989
373,227,-0.0073334405391915491
372,227,-0.027010746018870761
371,227,-0.011348555493716776
370,227,-0.031747146172969497
369,227,-0.01556333798229291
368,227,-0.029624014070261044
367,227,-0.0044565732452226834
366,227,0.00035735527035174198
365,227,-0.01187970163736991
364,227,-0.012413860956365069
363,227,0.0056816937500958568
362,227,-0.0096047555249837799
361,227,-0.0020374419454903822
360,227,-0.025000543125726669
359,227,-0.024263779486014925
358,227,-0.021434058180981045
357,227,-0.027399002480532803
356,227,0.0015474967604111657
355,227,-0.0081060350848171422
354,227,-0.014407801477224896
353,227,-0.011292557885810791
352,227,-0.014716536966899141
351,227,-0.023583033544330476
350,227,-0.01303003925063911
349,227,-0.0092464574943258195
348,227,-0.0099154661937217517
347,227,-0.02305711157932477
346,227,-0.0058623359868425883
