339,129,-0.0016239087720696
339,145,-0.015833684527594587
339,161,-0.018757159229438415
339,177,-0.005021422923245776
339,193,-0.01113544931126011
339,209,0.0057000751973178103
339,33,-0.023266828750802757
339,49,-0.026782502402845975
339,65,-0.028205975368334701
339,81,-0.0031767901627477472
339,97,0.0053103769376041544
339,113,0.011087089150511055
338,129,-0.015922321973891197
338,145,-0.0042136392042772183
338,161,-0.010400976082419043
338,177,-0.031975982797018798
338,193,0.0053615372906228838
338,209,-0.022748155994768003
338,33,-0.0089337601948551205
338,49,-0.0017669499478523603
338,65,-0.032238331778450723
338,81,-0.021844535649707651
338,97,0.0067202847823162187
338,113,0.017915115891083078
337,129,0.01294101244577114
337,145,0.025793748806978666
337,161,0.011634466788247335
337,177,0.027465429334425761
337,193,-0.0093618986744056481
337,209,0.0080121964908482276
337,33,-0.010561490486142482
337,49,-0.006079577231401791
337,65,0.0097461145216808549
337,81,-0.010541521204672491
337,97,0.0055577564554065749
337,113,0.020441148182129349
336,129,-0.0063740686203935717
336,145,-0.018335868554651406
336,161,-0.0032678266459213587
336,177,-0.0060016960165650071
336,193,-0.018602504317382633
336,209,-0.017454460697322781
336,33,0.004106351228647805
336,49,0.012801540982314182
336,65,0.0089463351344900525
336,81,-0.01123534936972625
336,97,0.00049513552827007076
336,113,0.0016497382125202809
335,129,0.009802419258347286
335,145,-0.018954684454745227
335,161,-0.0078098199675190197
335,177,-0.021276965226319482
335,193,-0.00544492495928751
335,209,-0.0018231512322505613
335,33,-0.0093176996788981899
335,49,0.0020037355606307198
335,65,0.013189846049767081
335,81,-0.017828218079703553
335,97,-0.020494418227968748
335,113,0.010039962677268954
334,129,0.0049939246362989825
334,145,-0.0011483689531549882
334,161,-0.02965700837333729
334,177,-0.010168019987927799
334,193,-0.016932458558665934
334,209,-0.014079540254335117
334,33,-0.021367985934763654
334,49,-0.020521907957188886
334,65,0.0041242236152781832
334,81,-0.0057084974369115112
334,97,0.0052486034124132174
334,113,0.0019663548035792678
333,129,0.0034065653280910746
333,145,0.0056948487776188944
333,161,0.00036726236650176121
333,177,0.0009740949540310202
333,193,-0.018393605662539305
333,209,0.01885451299434136
333,33,-0.024009803273298738
333,49,-0.024464836517944406
333,65,-0.011027813564649408
333,81,-0.010548913295277912
333,97,-0.011012283820471487
333,113,-0.0082667585031035492
332,129,-0.022644751783368798
332,145,0.0079571975566813512
332,161,-0.011549651415764537
332,177,-0.013307362405713015
332,193,-0.0071460121188137923
332,209,-0.00038290324930332124
332,33,-0.0073479236147003741
332,49,-0.000949010948115647
332,65,-0.0061090878066530864
332,81,-0.02151351659535438
332,97,-0.0039487966975268324
332,113,-0.013714117896812393
331,129,-0.0036676246094916342
331,145,0.0074649824646298305
331,161,-0.018137445455559429
331,177,0.0021483534578264074
331,193,-0.0071428965140086413
331,209,0.0052659545173512788
331,33,0.011828295578400363
331,49,0.00258239940281761
331,65,-0.0050458084698104776
331,81,-0.023353439013931339
331,97,-0.018569502114098618
331,113,0.0080984827205175577
330,129,-0.0053269001652773377
330,145,-0.015722537621567126
330,161,-0.014121013835053075
330,177,0.00092861650403263209
330,193,-0.013178007252807267
330,209,0.020327092204400848
330,33,-0.010838430936039752
330,49,-0.015851593929528906
330,65,-0.0051439436391663151
330,81,-0.0040634629179208542
330,97,0.00053162591015881147
330,113,-0.0086245104028665753
329,129,0.024915915954049631
329,145,-0.019662162560519843
329,161,0.004664746663339478
329,177,0.010633115166843477
329,193,0.0011214660246541778
329,209,-0.0063528083120857224
329,33,0.000569020334605354
329,49,0.017380430716585706
329,65,-0.0037182557708916432
329,81,0.0017326472771388365
329,97,-0.014951486264661164
329,113,-0.019734170304946893
328,129,-0.022869754136845204
328,145,0.010047528786871257
328,161,0.0078989594286101358
328,177,-0.010433064713333063
328,193,-0.0060473511367801231
328,209,-0.019500154090956876
328,33,-0.0078367040040235227
328,49,-0.0070719221091328369
328,65,0.018124890314749523
328,81,-0.011303933869811704
328,97,0.0096212003085057347
328,113,-0.0051087456630141432
327,129,-0.00038759756354125874
327,145,0.0015260400065602838
327,161,0.00089529701457003656
327,177,0.005612903775793006
327,193,0.00056129840579562736
327,209,0.0030771921071213963
327,33,-0.025251983082759284
327,49,0.023987308393187568
327,65,0.0078267009603165336
327,81,0.02612965310439809
327,97,0.0030214805226127452
327,113,-0.019685141009210698
326,129,-0.005256544390886045
326,145,0.0023192749694329919
326,161,-0.013012989480460297
326,177,-0.016232405063490354
326,193,-0.022219621851560369
326,209,-0.010408166520438101
326,33,-0.0061002850850209031
326,49,-0.013293661182336394
326,65,-0.0092402736457313055
326,81,0.015254040222461384
326,97,-0.0086801674071013708
326,113,-0.011399505118805216
325,129,0.0044855163985799765
325,145,-0.013862915193978434
325,161,0.019830093390597579
325,177,0.0087550301435780006
325,193,0.0060590147955600577
325,209,-0.0076392149627389572
325,33,0.00016363605638231699
325,49,-0.028272724027455991
325,65,-0.0047472910489409093
325,81,-0.033062658244047145
325,97,-0.0034930556540013853
325,113,0.0045819118485059774
324,129,-0.022600505270134134
324,145,0.013758494500622141
324,161,-0.021299341157022877
324,177,0.011458962048732002
324,193,0.0044527068407794294
324,209,-0.00077390284047664643
324,33,0.0028108563596442159
324,49,-0.025414730438806321
324,65,0.0045224298261738981
324,81,-0.01881081554556794
324,97,-0.01388223592224795
324,113,-0.012639949391112673
323,129,0.0026271342971608031
323,145,-0.025287285562783899
323,161,0.003407506152600482
323,177,0.0017762603429102768
323,193,-0.027431856735442708
323,209,-0.022539785510969679
323,33,0.010105619896416111
323,49,-0.024981583119490773
323,65,-0.02547466128947453
323,81,-0.0030935381186473591
323,97,-0.014439453419277911
323,113,-0.021125135914648874
322,129,-0.027832943175951159
322,145,-0.0038309311660330112
322,161,-0.00017789936374481197
322,177,-0.019455131171694867
322,193,-0.0063129884262874691
322,209,-0.027769048213072023
322,33,-0.0034831737600024295
322,49,-0.014251789389982507
322,65,-0.0014719757365888716
322,81,-0.02749800642635862
322,97,-0.0096605924185128832
322,113,-0.027779874831225113
321,129,-0.033906305533940875
321,145,-0.0045998803555078252
321,161,-0.027974547934094377
321,177,-0.018836691969447601
321,193,-0.01773892301923706
321,209,-0.011646107669985244
321,33,0.017126849212871151
321,49,-0.007065117220944812
321,65,-0.023619493366630988
321,81,0.0046304304777150564
321,97,-0.0156459510511665
321,113,-0.033919655914666544
320,129,-0.021088496806860115
320,145,-0.018117633215208689
320,161,0.00048045013980648366
320,177,-0.0099411214287809212
320,193,-0.03098069830141844
320,209,-0.010755970469156538
320,33,-0.018275323396977367
320,49,0.018297597274054053
320,65,-0.034357294680695268
320,81,0.0089385224842179391
320,97,-0.013007809177647002
320,113,-0.014972811021446127
319,129,-0.024522007718765695
319,145,-0.0082183164823974534
319,161,-0.01968731271440366
319,177,-0.024588307732817984
319,193,0.0088676344204426973
319,209,-0.0036903875998383789
319,33,0.015945217026320943
319,49,-0.025066177331010051
319,65,0.01567282989213575
319,81,-0.023187925415456667
319,97,-0.012952764278573456
319,113,-0.026860793529091261
318,129,-0.0016319172876989147
318,145,-0.033677299793536591
318,161,-0.025515750378611257
318,177,-0.0110537834794277
318,193,-0.0026738353196716913
318,209,1.9358832668089779e-05
318,33,-0.0068130975288537088
318,49,-0.019401024027365571
318,65,0.00027187792361584441
318,81,0.00017439004425192034
318,97,-0.016841821915080806
318,113,-0.0014795315302354056
317,129,-0.0043475429068815189
317,145,0.010780025129081713
317,161,0.02236523034559448
317,177,-0.0017021293287848706
317,193,-0.0089482585473400281
317,209,0.0089835156498735743
317,33,-0.028994577230174051
317,49,-0.025779316700682706
317,65,0.017070296772395899
317,81,-0.0084216221618881384
317,97,-0.011927261054244806
317,113,-0.0099801173150254538
316,129,-0.00021702245054645137
316,145,-0.012898847222221807
316,161,-0.010446844349254147
316,177,-0.015244539915824806
316,193,-0.014110908004915816
316,209,-0.0150756473166861
316,33,0.0084234969549926847
316,49,-0.0062565908582399663
316,65,-0.014214888584915529
316,81,-0.0044502087232399182
316,97,-0.013734850074015172
316,113,0.0011878045411353366
315,129,-0.00068621138863352949
315,145,-0.0037052994736887978
315,161,-0.0076100852121927303
315,177,-0.011725164386104601
315,193,-0.013701384289935082
315,209,0.0051010476547026645
315,33,-0.013889954379573242
315,49,-0.0058786699791183684
315,65,-0.0084257422486363909
315,81,-0.0045602939125756539
315,97,0.0054747336131669468
315,113,-0.048873337824945455
314,129,0.048847552139405774
314,145,-0.0094210007150759417
314,161,-0.0082682499574072647
314,177,-0.013625983208265554
314,193,-0.0096635510797681186
314,209,-0.0091835121035375496
314,33,-0.017819830145747034
314,49,-0.0098413708344262142
314,65,-0.010763378269601321
314,81,0.0053105697274604046
314,97,-0.0026508273730723548
314,113,-0.010651674446448918
313,129,0.00077951900496949964
313,145,-0.021651005167728752
313,161,-0.0067705291320676389
313,177,-0.005032333253672242
313,193,0.020113848301348134
313,209,-0.0021170611021643598
313,33,0.0080225009498999349
313,49,-0.024721472367263395
313,65,0.0068972366598117609
313,81,-0.015759508769940474
313,97,-0.0098201742232832089
313,113,-0.0070610896378444496
312,129,0.0034143456550627207
312,145,-0.015407942927218031
312,161,-0.018998373601908213
312,177,0.005290601634708598
312,193,0.012051953099231081
312,209,-0.023945051147746501
312,33,0.0017751008134945514
312,49,0.0055373812652359661
312,65,0.015598568254630636
312,81,0.022915889894268997
312,97,-0.022696260392764133
312,113,0.0039836706193381814
339,17,0.011990599643406104
338,17,-0.023111789391970446
337,17,-0.015888503851843434
336,17,-0.018695203468403344
335,17,0.026953047127412241
334,17,0.00058359439284324816
333,17,-0.0074489397709950212
332,17,-0.023853067526514487
331,17,-0.0052223162161512014
330,17,0.014189299519103471
329,17,0.0012059367881044026
328,17,-0.0047096702770619784
327,17,0.012437959237040374
326,17,-0.0024407156980469601
325,17,0.0042654085401666667
324,17,0.018939984032493858
323,17,0.0048996146723743429
322,17,0.015686083430782129
321,17,0.0028182829206175207
320,17,0.020116290419440831
319,17,0.011183244688528609
318,17,-0.019321338055600004
317,17,-0.01320348495298228
316,17,0.018180708150606746
315,17,-0.02300323766387545
314,17,0.01357642175655651
313,17,-0.0055172545896889306
312,17,0.020357766081701444
339,225,-0.012179795824908348
338,225,-0.00015122686337245807
337,225,0.031705806779319889
336,225,-0.024325033257650657
335,225,-0.0077857684368245498
334,225,-0.023788179418383359
333,225,0.016323264516939981
332,225,0.0017504091878912129
331,225,-0.015489068817109762
330,225,-0.015678542774272788
329,225,0.010700486545896806
328,225,0.0067662291654203705
327,225,-0.016731744536014715
326,225,0.026465938207089243
325,225,-0.0040763603819130223
324,225,0.0029363090722910688
323,225,-0.0013399745398371419
322,225,-0.0059800898296447714
321,225,0.011033753907990315
320,225,0.0187503738838391
319,225,0.029622966715607012
318,225,-0.00031133630057067268
317,225,0.0029923743945948073
316,225,-0.0018033030870386012
315,225,-0.011643464374545193
314,225,0.035761501457045868
313,225,0.01519814789898717
312,225,0.019700137429990227
