339,129,-0.001333136556179716
339,145,-0.015495852267086219
339,161,-0.020055778785020562
339,177,-0.0040420380101137575
339,193,-0.0102865179682549
339,209,0.0067978458232886528
339,33,-0.025110613098999184
339,49,-0.027913170391517417
339,65,-0.028669746661117126
339,81,-0.0023759327075913391
339,97,0.0064976314394725844
339,113,0.011890731143162296
338,129,-0.017121872741973323
338,145,-0.0039167422585835096
338,161,-0.0095396645333896881
338,177,-0.032615304074240743
338,193,0.0061485552720130492
338,209,-0.023323146167476827
338,33,-0.010581391419219986
338,49,-0.00089787746889425063
338,65,-0.032429008041921482
338,81,-0.021987484964721637
338,97,0.0072133055542753996
338,113,0.01867215754754219
337,129,0.012834234064727975
337,145,0.027034772097600083
337,161,0.012071349545251608
337,177,0.028861785783152009
337,193,-0.0087360251360681443
337,209,0.0086527851903186181
337,33,-0.012220916774577534
337,49,-0.0060564427155401796
337,65,0.010649458093730069
337,81,-0.010682527346800556
337,97,0.0065431194363177909
337,113,0.021436196484676942
336,129,-0.0064397926644492306
336,145,-0.017289788432492983
336,161,-0.0023774536857420203
336,177,-0.0055668726567555818
336,193,-0.017585680989056187
336,209,-0.016110217614836827
336,33,0.0038067087511900227
336,49,0.014783316997235754
336,65,0.009446245792542305
336,81,-0.010800512444250209
336,97,0.0013697082737506472
336,113,0.0023485559812214752
335,129,0.0098359410683992333
335,145,-0.019420250931050421
335,161,-0.0076216927818138509
335,177,-0.021055877353526951
335,193,-0.0059908451506912319
335,209,-0.0010202315521252432
335,33,-0.010637663186260731
335,49,0.0025337258278191029
335,65,0.014869950179510639
335,81,-0.017221050601680686
335,97,-0.020578432162264994
335,113,0.010919707406203794
334,129,0.0046156201813666135
334,145,-0.0012409570473631943
334,161,-0.030797238741584194
334,177,-0.010350968595353572
334,193,-0.018263698579476493
334,209,-0.013894842685846691
334,33,-0.023468420514608943
334,49,-0.021200388297231611
334,65,0.0037031222711233695
334,81,-0.0064159344653112998
334,97,0.0057163022035457891
334,113,0.0020951243042871626
333,129,0.002684115744453393
333,145,0.0051812040823181619
333,161,-4.5583740066109198e-05
333,177,-0.00026888874338610414
333,193,-0.019340830284350938
333,209,0.018754182102809356
333,33,-0.025031634186862897
333,49,-0.025513439162833027
333,65,-0.011942691370081965
333,81,-0.011698829039495999
333,97,-0.011010212041419979
333,113,-0.008060880246153446
332,129,-0.027291004701530567
332,145,0.0086286776147972075
332,161,-0.010669594730239382
332,177,-0.011708298208179898
332,193,-0.0072641091625273947
332,209,0.0010228502495607846
332,33,-0.0064455140781656739
332,49,0.00011108637819028273
332,65,-0.00564948925493857
332,81,-0.021697602279759667
332,97,-0.0037551809752269351
332,113,-0.012654266975962305
331,129,-0.0044839776236403062
331,145,0.0074343256577690973
331,161,-0.019002191604298356
331,177,0.0014027038470161735
331,193,-0.0079538330310850221
331,209,0.0042806805390129153
331,33,0.010035166127461602
331,49,0.0020757787071020517
331,65,-0.0053132931469832409
331,81,-0.024409944387738185
331,97,-0.019513369041709295
331,113,0.0075258726447425244
330,129,-0.0057176664302981397
330,145,-0.016916857326666
330,161,-0.014854667057475674
330,177,0.0012459744180850956
330,193,-0.014154202208910321
330,209,0.021536642925924759
330,33,-0.012171029492127845
330,49,-0.015652919896873337
330,65,-0.0049986266360712225
330,81,-0.003785115827472943
330,97,0.0012517035045379351
330,113,-0.0092809208958895082
329,129,0.025191280788533034
329,145,-0.020061880515492476
329,161,0.0043407254873369262
329,177,0.010299691806660793
329,193,0.00062605707483908931
329,209,-0.0062707598687732225
329,33,-9.5966866759721135e-05
329,49,0.018057260322751595
329,65,-0.0029159491364791953
329,81,0.0014543167025439937
329,97,-0.013910185971469632
329,113,-0.018830881678596534
328,129,-0.023448572016978628
328,145,0.0097059394436519193
328,161,0.0084438480566545807
328,177,-0.0096801425330574585
328,193,-0.0064881546718342474
328,209,-0.018553827626100028
328,33,-0.0082641141023063469
328,49,-0.0065562609934819282
328,65,0.01852169717200193
328,81,-0.011149413936402253
328,97,0.0095323793947134118
328,113,-0.0052972167432557907
327,129,-0.0011184240661656238
327,145,0.0015980649640053588
327,161,0.0009104479706940605
327,177,0.0048707685334315916
327,193,0.00022844554603579012
327,209,0.0022864367010229664
327,33,-0.029599780834014936
327,49,0.023831480909289847
327,65,0.007321675060142494
327,81,0.026257377286330857
327,97,0.0027194578976409284
327,113,-0.020118823093286171
326,129,-0.0047875934660319055
326,145,0.0030015417878882684
326,161,-0.012176858526845065
326,177,-0.01573490475587928
326,193,-0.021627207742265092
326,209,-0.0092353902681488222
326,33,-0.0059180871180104355
326,49,-0.011833194153570254
326,65,-0.0084006203420001219
326,81,0.016335366078526595
326,97,-0.0073975053784810906
326,113,-0.010982751809408216
325,129,0.0050604207913254491
325,145,-0.014155768614240987
325,161,0.019687694251264296
325,177,0.0089142333618431081
325,193,0.0061248422964051471
325,209,-0.0083032495838641605
325,33,-0.0017839271095963487
325,49,-0.028943905704842336
325,65,-0.004407003254086328
325,81,-0.03334990911919479
325,97,-0.0034742823964924495
325,113,0.0045262333360626796
324,129,-0.023363592397432506
324,145,0.014975571638570193
324,161,-0.020295220038720065
324,177,0.012594686859149835
324,193,0.0062695973887609592
324,209,0.00091176684125258197
324,33,0.0043572220811718349
324,49,-0.024549610423906517
324,65,0.006346383654386392
324,81,-0.01789998628202797
324,97,-0.012570038650521779
324,113,-0.0099492148339560531
323,129,0.0029462062497202729
323,145,-0.027019275894246273
323,161,0.0042608157668741114
323,177,0.0026785174938750208
323,193,-0.029417128516214471
323,209,-0.023016095209282331
323,33,0.0088729252853407773
323,49,-0.024557094282117116
323,65,-0.024609450820750948
323,81,-0.00089938326337119239
323,97,-0.013858262202264318
323,113,-0.013465735190040549
322,129,-0.028754483516918176
322,145,-0.0044090576047063918
322,161,0.00031588563214926427
322,177,-0.019298047530123156
322,193,-0.0064147536136244495
322,209,-0.027230445339754418
322,33,-0.0034516669994514334
322,49,-0.013295134794456175
322,65,-0.00016360345223702909
322,81,-0.027155810444059562
322,97,-0.0081812900279728366
322,113,-0.027391434468673016
321,129,-0.036597473573824146
321,145,-0.0039321540565324994
321,161,-0.032123907982543401
321,177,-0.018992029267722411
321,193,-0.017492704788865145
321,209,-0.011734765690816985
321,33,0.016948289690606917
321,49,-0.0061516678912933876
321,65,-0.022928464221362563
321,81,0.0071021746446844483
321,97,-0.014754226949329343
321,113,-0.033095031640027597
320,129,-0.02171460657350005
320,145,-0.019380233819238996
320,161,0.00036494435568251997
320,177,-0.010585229755300409
320,193,-0.023363535698302833
320,209,-0.010855474733663452
320,33,-0.022085294886616418
320,49,0.018401910978561573
320,65,-0.035087411525611907
320,81,0.0080773987180026846
320,97,-0.013366920991173429
320,113,-0.014972692387007836
319,129,-0.023906367599126808
319,145,-0.0072534221075219634
319,161,-0.018630605430736878
319,177,-0.025032175516741039
319,193,0.010586887300908393
319,209,-0.0012054743170795534
319,33,0.016757992788927503
319,49,-0.023920500829593315
319,65,0.017460254210577748
319,81,-0.022439008034704701
319,97,-0.01096126468120822
319,113,-0.02541440043094562
318,129,-0.0010671794942992096
318,145,-0.033416296504992719
318,161,-0.027076432239581449
318,177,-0.010532437291915516
318,193,-0.0014912551992943271
318,209,0.0022981865826585466
318,33,-0.0064976696938347086
318,49,-0.018131759376723133
318,65,0.0023336177510450682
318,81,0.0026517733629381076
318,97,-0.016035009617795883
318,113,0.00093151880565579825
317,129,-0.0025972088262957559
317,145,0.013649112674625357
317,161,0.024425104545222568
317,177,7.7241160421951359e-05
317,193,-0.0083704482631801278
317,209,0.010403942278447882
317,33,-0.031138362331677716
317,49,-0.025296413454077356
317,65,0.019861199374415703
317,81,-0.0062964527297935079
317,97,-0.0096059572975586583
317,113,-0.0084768425051148944
316,129,-0.00057559604860109922
316,145,-0.014486139553170966
316,161,-0.010016779159318702
316,177,-0.014595035675612019
316,193,-0.014206897909031726
316,209,-0.015114223226032732
316,33,0.0074604905256448429
316,49,-0.006063370137317085
316,65,-0.013961309130311085
316,81,-0.0040344553636290697
316,97,-0.013972277656838132
316,113,0.0023181614401634638
315,129,0.0002706619479484392
315,145,-0.0032329694489295216
315,161,-0.0066526752810814301
315,177,-0.011147738054864473
315,193,-0.013361608700645606
315,209,0.0062565287841982479
315,33,-0.014301612880165959
315,49,-0.0050712157809665046
315,65,-0.0077262692074522481
315,81,-0.0015202678322138886
315,97,0.0074438764773522032
315,113,-0.05213136956566896
314,129,0.05024727509457616
314,145,-0.009718872363310125
314,161,-0.0080000120596399257
314,177,-0.014362498401442129
314,193,-0.0094568909140897266
314,209,-0.0090515665265522415
314,33,-0.020555861993552273
314,49,-0.0096222947793423302
314,65,-0.0096290288195791888
314,81,0.006699852090759544
314,97,-5.1442076974983313e-05
314,113,-0.0096634476127059835
313,129,0.00082102480144888323
313,145,-0.022853953062926598
313,161,-0.0064342466118593065
313,177,-0.0056658556084214383
313,193,0.021672867727923283
313,209,-0.0020351603526548362
313,33,0.0060243548326798018
313,49,-0.026261049829161935
313,65,0.0076257786489192098
313,81,-0.015668770162425762
313,97,-0.0091217319255373994
313,113,-0.0060270150106457743
312,129,0.0039455457227663519
312,145,-0.015328317553826904
312,161,-0.018834999393009706
312,177,0.0065379841774693172
312,193,0.01323724527047768
312,209,-0.022573344058080782
312,33,0.001837884371649578
312,49,0.0074306121283234878
312,65,0.017929339552440391
312,81,0.025093038420842925
312,97,-0.021830627497528742
312,113,0.0058777526199776473
339,17,0.012529680993507345
338,17,-0.024411656873452366
337,17,-0.016702400778208074
336,17,-0.01793206480571807
335,17,0.029034830103197219
334,17,0.0018917191586235579
333,17,-0.0092624590701833771
332,17,-0.024377056244361782
331,17,-0.0033627536658082202
330,17,0.017361981817981386
329,17,0.0025556357264804614
328,17,-0.0026455588824421642
327,17,0.012814271618419037
326,17,-0.0016416716034960285
325,17,0.0058757514747505056
324,17,0.021161811970885923
323,17,0.0064424581493069295
322,17,0.018386873733203898
321,17,0.0045784491264356823
320,17,0.02233810122040903
319,17,0.013601060424026399
318,17,-0.019756863746330879
317,17,-0.0119217046755354
316,17,0.021875539962741063
315,17,-0.02494270939212483
314,17,0.013642851989959182
313,17,-0.0070281662503398666
312,17,0.020164820972892405
339,225,-0.013221461148607085
338,225,-0.00059308613150447533
337,225,0.032863466821990012
336,225,-0.025551353687894966
335,225,-0.0075935447250268309
334,225,-0.024110179014223042
333,225,0.016617621196256888
332,225,0.0025999648308011451
331,225,-0.013449715437292639
330,225,-0.014384439065590235
329,225,0.012739151174182495
328,225,0.0090877442579073708
327,225,-0.017438379236378442
326,225,0.028215065873350008
325,225,-0.0038364091101553751
324,225,0.0038209825197529673
323,225,-0.00048001867272839894
322,225,-0.004642551362283644
321,225,0.011698032133688066
320,225,0.021786571023264478
319,225,0.031701555428172039
318,225,0.0015757100938734196
317,225,0.0052337361457940896
316,225,0.001269869426775701
315,225,-0.012889730600410081
314,225,0.036911089362539069
313,225,0.015838813124356876
312,225,0.021452151426135706
