339,129,9.041926753216791e-06
339,145,-0.014101896144074639
339,161,-0.018942409483824099
339,177,-0.0050946131324983027
339,193,-0.0095738529218326977
339,209,0.0030405752573755868
339,33,-0.020790083875869014
339,49,-0.03332152407504748
339,65,-0.030906361008366461
339,81,-0.0065565603683266612
339,97,0.0017717520146779469
339,113,0.0071789848255313796
338,129,-0.014555107053570151
338,145,-0.0035244061802374932
338,161,-0.0095401693290615187
338,177,-0.034754208962477925
338,193,0.0024899516187716292
338,209,-0.023938985606301085
338,33,-0.0080041038260365953
338,49,-0.0042217971092513382
338,65,-0.037515942427207523
338,81,-0.022172053365273624
338,97,0.0031305571189170446
338,113,0.01249088609196169
337,129,0.010925841029736809
337,145,0.020569018261963629
337,161,0.0083118850271817028
337,177,0.021396153170580072
337,193,-0.0099812374020305152
337,209,0.0047856981287355028
337,33,-0.011415999241052872
337,49,-0.00630771148676004
337,65,0.0057415677944237884
337,81,-0.011777557213000481
337,97,0.0013910510770677579
337,113,0.015552371868379176
336,129,-0.0050157480632842298
336,145,-0.01564230612103229
336,161,-0.003657067554103307
336,177,-0.0076085059884825022
336,193,-0.016963214674810569
336,209,-0.017782131012773927
336,33,0.00280412396080283
336,49,0.0094364138638737341
336,65,0.0048456231496604484
336,81,-0.013032243622845626
336,97,-0.0023626856879358149
336,113,-0.0017089810602159544
335,129,0.0073753995811294288
335,145,-0.017791582566652149
335,161,-0.01005489250911539
335,177,-0.021891351167181435
335,193,-0.0084212857147603175
335,209,-0.0050517177993669241
335,33,-0.0094441968484568414
335,49,-0.0014598071348918343
335,65,0.0081393401553661766
335,81,-0.018497676159450728
335,97,-0.023492390808709001
335,113,0.0050927533536511901
334,129,0.0045814029998684329
334,145,-0.00069849943285063207
334,161,-0.028665002992776731
334,177,-0.0098462501613622196
334,193,-0.016341360605070677
334,209,-0.013512429888751008
334,33,-0.019313923562244487
334,49,-0.021245167049664362
334,65,0.00089441874326493171
334,81,-0.0078817768718833225
334,97,0.0027332561835173266
334,113,-0.00020929516361452885
333,129,0.0020664687336937227
333,145,0.0041326283389609489
333,161,0.00069837144355455565
333,177,0.0006127244686427516
333,193,-0.018216417556054153
333,209,0.015810372583712665
333,33,-0.022401769047633094
333,49,-0.022034286504740912
333,65,-0.009036468398523706
333,81,-0.0092807423551617366
333,97,-0.0085926864494160326
333,113,-0.0075978484668301196
332,129,-0.023683386355611784
332,145,0.0070314669876231327
332,161,-0.0079462788253913813
332,177,-0.0081940589884007473
332,193,-0.005152270932682273
332,209,0.0010016433464239381
332,33,-0.0046204167022004024
332,49,0.00087164482602546914
332,65,-0.0042003136765972025
332,81,-0.016582025322764298
332,97,-0.0026154621611205642
332,113,-0.0098720928356379432
331,129,-0.0042609812014197746
331,145,0.0061817178241436229
331,161,-0.016804711401115648
331,177,0.0011812461890858069
331,193,-0.0056774584644814418
331,209,0.0039119042642306425
331,33,0.0075055250420857965
331,49,0.001960876067806643
331,65,-0.0040896163035606115
331,81,-0.021446595185106426
331,97,-0.015570195550188884
331,113,0.0067203521505995187
330,129,-0.004914491780722537
330,145,-0.01411565456314854
330,161,-0.012792452359361838
330,177,0.00045738486546298212
330,193,-0.012957125571435033
330,209,0.015004355836311489
330,33,-0.01074157331667118
330,49,-0.013263373223369424
330,65,-0.0050255599845197346
330,81,-0.0047358694000639761
330,97,6.5133459383606867e-05
330,113,-0.0077672623977583189
329,129,0.020045663282046804
329,145,-0.016260799549953728
329,161,0.0038990128573424087
329,177,0.0082037490273999224
329,193,0.00044751128815465529
329,209,-0.0053390686518993676
329,33,-0.00050188094743964964
329,49,0.014046585354368873
329,65,-0.0028664470534733033
329,81,0.0014800687419445813
329,97,-0.012641397102520033
329,113,-0.017609970503703366
328,129,-0.021207698052698263
328,145,0.0074296494695423
328,161,0.0059954936049457942
328,177,-0.0090753551682179624
328,193,-0.0056764834959620947
328,209,-0.016794150956834508
328,33,-0.0079661070030538125
328,49,-0.0050199493893155695
328,65,0.013592194925524725
328,81,-0.0088087822962388367
328,97,0.0074927328992352897
328,113,-0.0039730312358611953
327,129,0.00012098533050265805
327,145,0.00081028996040149754
327,161,0.00076595049029947566
327,177,0.0040441451978403455
327,193,-0.00032341540183138318
327,209,0.0023336270773772379
327,33,-0.028361935397172629
327,49,0.019217360909201758
327,65,0.0063726140335038008
327,81,0.021894031885693624
327,97,0.0028613548481710629
327,113,-0.015833731962861339
326,129,-0.0046965307178246157
326,145,0.0024310055816057835
326,161,-0.010264146330561255
326,177,-0.013756654473754102
326,193,-0.018743995304917056
326,209,-0.008038390184730836
326,33,-0.0056685091868147646
326,49,-0.010627474409877751
326,65,-0.0074708697702982789
326,81,0.013630020542978486
326,97,-0.0066023131043731424
326,113,-0.0080622303379046748
325,129,0.0044867313414446979
325,145,-0.011466145061913324
325,161,0.016009940062744307
325,177,0.0084573197806216728
325,193,0.0057171631811679547
325,209,-0.0068305057146744825
325,33,-0.0021584472816975693
325,49,-0.029993034093908428
325,65,-0.0038084648874811776
325,81,-0.033211085371313065
325,97,-0.002440029587272464
325,113,0.004189992542307769
324,129,-0.020168722154235815
324,145,0.012378758366696723
324,161,-0.017828253328221785
324,177,0.0097940931196474085
324,193,0.0050572879864424292
324,209,8.2073107936200476e-05
324,33,0.0032565756270801099
324,49,-0.02237581254044832
324,65,0.0055914076794084805
324,81,-0.014999057711918741
324,97,-0.011015217034046261
324,113,-0.0091906429251857151
323,129,0.0018965863264527685
323,145,-0.024869241221156857
323,161,0.0021980575028860577
323,177,0.0010144171831300989
323,193,-0.025933493052068279
323,209,-0.020166134688984268
323,33,0.00561894865426317
323,49,-0.022626292152884791
323,65,-0.023511675060521698
323,81,-0.0023016699445595917
323,97,-0.013100580636915913
323,113,-0.033992947341681984
322,129,-0.031634036809483797
322,145,-0.0035320287316256554
322,161,-9.0445340414163714e-05
322,177,-0.017038207660340834
322,193,-0.0052549417481755761
322,209,-0.029183328424928739
322,33,-0.0038545923885924651
322,49,-0.011962808449953136
322,65,-0.0008996848361535354
322,81,-0.026256747056757332
322,97,-0.0072915038959337755
322,113,-0.024377070825853699
321,129,-0.039046122172611157
321,145,-0.0046440403430003906
321,161,-0.030171371261868155
321,177,-0.017213464639478294
321,193,-0.016454994388728029
321,209,-0.01208936079442874
321,33,0.011125470213872569
321,49,-0.0079167764793650237
321,65,-0.022028684414946761
321,81,0.0031081276882802254
321,97,-0.016833997529997653
321,113,-0.035504718714426321
320,129,-0.017946850153191644
320,145,-0.017016272681638012
320,161,-0.0011274130238310433
320,177,-0.0103035725438949
320,193,-0.034474400868423745
320,209,-0.011113032825369332
320,33,-0.019967841707333168
320,49,0.01333297100362495
320,65,-0.042333398636010412
320,81,0.0047737630963522841
320,97,-0.014740115832370441
320,113,-0.016962170048230318
319,129,-0.021062332662495183
319,145,-0.0072661411674606281
319,161,-0.016997204849956447
319,177,-0.029308264724097251
319,193,0.0051637072424192574
319,209,-0.0040021525243234112
319,33,0.012737546322110853
319,49,-0.024221364565180013
319,65,0.0096670723942495033
319,81,-0.024400187261084342
319,97,-0.014227305298705903
319,113,-0.028770231071186512
318,129,-0.0012355202522104714
318,145,-0.035200569179704252
318,161,-0.026284918235033684
318,177,-0.010906145578052967
318,193,-0.0040972652602626102
318,209,-0.0013840737452235211
318,33,-0.0055276646234788699
318,49,-0.017239165823889256
318,65,-0.002028038908327283
318,81,-0.001705930998277794
318,97,-0.019100065793664172
318,113,-0.0032119274483003064
317,129,-0.0027763484427569072
317,145,0.0089523127043780442
317,161,0.017237564739189228
317,177,-0.0020069991980446534
317,193,-0.0097021167614596143
317,209,0.0060179624122875782
317,33,-0.033644647125017704
317,49,-0.025270596265451868
317,65,0.011867513197045133
317,81,-0.0090917261211465733
317,97,-0.012511580808200097
317,113,-0.011564214688583204
316,129,-0.00035372456015276741
316,145,-0.012905635672504343
316,161,-0.010850145007444408
316,177,-0.013756908045510587
316,193,-0.014758315319983541
316,209,-0.015744075674024943
316,33,0.0057466479366820944
316,49,-0.0083012313249912675
316,65,-0.015309652744928053
316,81,-0.0062881033026235865
316,97,-0.01516538459476224
316,113,-0.0013828899547229962
315,129,-0.0003865867178051619
315,145,-0.0024883570344964045
315,161,-0.0058075613800744712
315,177,-0.0093844126841677034
315,193,-0.011671209350279066
315,209,0.0046540754441574189
315,33,-0.012412261514968008
315,49,-0.0043686473159626274
315,65,-0.0063454501781544581
315,81,-0.0018744807253933918
315,97,0.0064470237800237371
315,113,-0.057927430831571293
314,129,0.036793420138729438
314,145,-0.0082606043247513521
314,161,-0.0076416768078872961
314,177,-0.013518409398291676
314,193,-0.010286754187649783
314,209,-0.010309135672427746
314,33,-0.016168585155940836
314,49,-0.010555581125745794
314,65,-0.010242122628407778
314,81,0.0028664600850079698
314,97,-0.0035891181988055663
314,113,-0.011274437706647126
313,129,0.0013529520907218178
313,145,-0.023009531595772015
313,161,-0.0055802062333047348
313,177,-0.0065947390888899914
313,193,0.015360356429968414
313,209,-0.0035543886604006165
313,33,0.0061329342399421213
313,49,-0.03138202090292945
313,65,0.0039780301694383631
313,81,-0.016314927923582669
313,97,-0.0097391841913209085
313,113,-0.0072825399795235467
312,129,0.0027002051567363208
312,145,-0.013424590046205028
312,161,-0.018474635047635361
312,177,0.0034154365846082095
312,193,0.0098038697618541386
312,209,-0.023286532995104338
312,33,0.00079128797599645456
312,49,0.0040379984894418491
312,65,0.012374031381349817
312,81,0.018558713531128576
312,97,-0.021391517578454991
312,113,0.0023429399276564851
339,17,0.010629277962426286
338,17,-0.022461604719002427
337,17,-0.015652570269278993
336,17,-0.016062413831045699
335,17,0.020228414184819611
334,17,-0.00032952850757841365
333,17,-0.008586420282846445
332,17,-0.02347350347350869
331,17,-0.0065113252947726517
330,17,0.0095977658139180695
329,17,-0.0011630324711337662
328,17,-0.0052091821665577517
327,17,0.011164498286734034
326,17,-0.0024801833317896595
325,17,0.0031813999011966318
324,17,0.014956194344209868
323,17,0.0038145074703409597
322,17,0.012731334512729967
321,17,0.0027504366330557022
320,17,0.015859140357173042
319,17,0.0082951561922120116
318,17,-0.02345354422981898
317,17,-0.015487854266474012
316,17,0.014439128261985096
315,17,-0.018341190365566664
314,17,0.010880221049759196
313,17,-0.0062932241366345501
312,17,0.016466865437077663
339,225,-0.0092174147216256691
338,225,-0.00060914984778715712
337,225,0.023778530016518497
336,225,-0.021401677951234356
335,225,-0.0078910893582495607
334,225,-0.023240143284944104
333,225,0.015418843706044611
332,225,0.00022137206835079408
331,225,-0.013929716285883171
330,225,-0.014621741573592065
329,225,0.0076168366340769508
328,225,0.0060780965764199116
327,225,-0.013955199279305028
326,225,0.021823385731138494
325,225,-0.0033747726063959481
324,225,0.002842560669002897
323,225,-0.002111139886351812
322,225,-0.0064332218309389386
321,225,0.010989884864766477
320,225,0.016120378980189871
319,225,0.023941534327042161
318,225,-0.00060923764776421856
317,225,0.0018634989603510525
316,225,-0.00022472883803721419
315,225,-0.00971853447060805
314,225,0.026625369108520234
313,225,0.011677774547413207
312,225,0.015827890117120418
