339,129,0.018181192385491513
339,145,-0.002585813510903152
339,161,-0.019683820513187917
339,177,-0.022929768213819288
339,193,0.011566222968107401
339,209,-0.013786274455822044
339,33,-0.02258454705151831
339,49,-0.014280479246159827
339,65,-0.0048015550892068857
339,81,-0.023876686338433664
339,97,-0.018796578903143284
339,113,0.018593780145291675
338,129,-0.020227845366124979
338,145,-0.0030443071029208754
338,161,0.012429407692125402
338,177,0.006625574551313111
338,193,-0.024753000285583859
338,209,-0.013234629514536073
338,33,-0.0054608282994217539
338,49,-0.01619562459804819
338,65,-0.0072902462156948893
338,81,-0.0085493172415912061
338,97,-0.010016274439997586
338,113,-0.027512849290401813
337,129,-0.0064981083100170466
337,145,-0.019372822976576526
337,161,-0.0050653808551031987
337,177,-0.0072124507568939672
337,193,-0.028315911310495136
337,209,-0.010443791733532595
337,33,0.013199805350640461
337,49,-0.025689890741767647
337,65,-0.0047544623825209126
337,81,-0.002780652629518899
337,97,-0.0069967495356077188
337,113,-0.028253586843004871
336,129,-0.02120769552926114
336,145,-0.021628390884939855
336,161,-0.016574073875171274
336,177,-0.011382633059159177
336,193,-0.039869335207926404
336,209,-0.0051730026424322909
336,33,0.012846315563828835
336,49,0.037890713480422944
336,65,-0.022926034016484544
336,81,0.0092752971437310809
336,97,-0.029366390747396401
336,113,0.0011499836227689224
335,129,-0.027435007570242333
335,145,-0.013922256244165083
335,161,-0.013471809831077449
335,177,-0.027767602835969799
335,193,0.0051950050168324893
335,209,-0.019378276858225657
335,33,-0.0068901418164757046
335,49,-0.027323979448880525
335,65,-0.021671171525859848
335,81,-0.01851650229705399
335,97,-0.021436225238570694
335,113,-0.028072713812105292
334,129,-0.034106484185855962
334,145,-0.005879003042835864
334,161,-0.010021066334881396
334,177,-0.0044460716143435398
334,193,-0.02355710991136014
334,209,0.027527522732788898
334,33,-0.029177356032091439
334,49,-0.028062624091431558
334,65,-0.031394649969412054
334,81,-0.021003336743767101
334,97,-0.0015664784975361347
334,113,-0.029284319951631888
333,129,-0.015941867328445821
333,145,-0.021528488152337322
333,161,0.0045045369266816368
333,177,-0.021613813056446537
333,193,-0.018394893910005265
333,209,-0.028208185063878316
333,33,-0.028897796276788089
333,49,-0.021563342258816953
333,65,-0.0069576747672805955
333,81,-0.027001140580502476
333,97,-0.016328609309076161
333,113,-0.024486116363566898
332,129,-0.027554782048087159
332,145,-0.012405184520303531
332,161,-0.025931468555304923
332,177,-0.013975243983091981
332,193,-0.015473051218675827
332,209,-0.010143084781679778
332,33,-0.027667489808281483
332,49,-0.014051817542060576
332,65,0.011294041383430891
332,81,-0.0040714489785221583
332,97,-0.016722273597163412
332,113,-0.028337521201847658
331,129,-0.011671714499357885
331,145,-0.0086092805032420196
331,161,-0.018915626746270352
331,177,-0.011653650946219842
331,193,-0.0371227236944583
331,209,0.015131095939452589
331,33,-0.016843150190867604
331,49,-0.022198319690918511
331,65,-0.0059654961900512619
331,81,-0.013113105527747424
331,97,-0.027566707893598365
331,113,-0.0082479371224888319
330,129,-0.019421748823032808
330,145,-0.02143585158751591
330,161,-0.027915514328459984
330,177,-0.0018140009847248163
330,193,-0.027990069543144529
330,209,-0.015950112054679687
330,33,-0.016345396483179793
330,49,-0.025645305362528625
330,65,0.0018463618985018364
330,81,-0.027438697061715821
330,97,-0.01207570197943539
330,113,-0.024929043774220935
329,129,-0.022624083178235232
329,145,-0.028618332638533528
329,161,-0.015873816860462249
329,177,-0.0034175665931218541
329,193,-0.0089239242267226872
329,209,-0.025965663649262664
329,33,-0.025853364250734746
329,49,-0.02411642104533359
329,65,-0.03330443023581138
329,81,-0.024515294774742912
329,97,-0.0093398362026772923
329,113,-0.015463194203704008
328,129,0.0017861126731109878
328,145,-0.024166981953593018
328,161,-0.024132129253281752
328,177,-0.0081819327810428999
328,193,-0.028899907327227681
328,209,-0.011174697673393566
328,33,-0.025209666902744926
328,49,-0.02761424936790699
328,65,-0.027792756924032803
328,81,0.01064516729616815
328,97,-0.020294081694277006
328,113,-0.029744203430760948
327,129,-0.012628619457168092
327,145,0.00098913087288384849
327,161,-0.028838146210600012
327,177,-0.0052660657700009201
327,193,-0.013700600814232763
327,209,-0.012823232455665325
327,33,-0.028455952876842286
327,49,0.017521899881944816
327,65,-0.026246984408265429
327,81,-0.027989230147881239
327,97,0.0041325680174845768
327,113,-0.019565391646002253
326,129,-0.026976550506274871
326,145,-0.022962235163370464
326,161,-0.034383343762146683
326,177,-0.015491842449502252
326,193,-0.028425537457920404
326,209,-0.025795053889727367
326,33,-0.025708397019037349
326,49,0.015240191451130369
326,65,-0.025782977853035564
326,81,-0.033745048975370867
326,97,0.0042244070865780515
326,113,-0.022595801860154231
325,129,-0.015528005302467791
325,145,-0.000103295327062093
325,161,-0.01705190800835673
325,177,-0.028000399973058976
325,193,-0.028547157518532571
325,209,-0.012285895295884811
325,33,-0.0042013681153192017
325,49,-0.00020754221808093462
325,65,-0.028027903938561759
325,81,-0.02844783237036394
325,97,-0.014427312017180904
325,113,-0.0044264198425350218
324,129,-0.0028499788937316351
324,145,0.0031057343954790408
324,161,-0.01118734157740163
324,177,-0.027492981229422942
324,193,-0.029904530780419835
324,209,-0.00013898732236311361
324,33,-0.026470589877276716
324,49,-0.010859261136910546
324,65,-0.02450948429039752
324,81,-0.016044607093899182
324,97,-0.015784030700865741
324,113,-0.034236776363363183
323,129,-0.009564290130197526
323,145,-0.012504057220840784
323,161,-0.027927460685325277
323,177,0.0065849245093416789
323,193,0.0073003629867941346
323,209,-0.027670535080440831
323,33,-0.013059883019887697
323,49,-0.016671995141024736
323,65,-0.018336964568504747
323,81,-0.013240610404049648
323,97,0.0067468892506887014
323,113,0.013029551432260004
322,129,-0.013441641015033647
322,145,0.013864228596040116
322,161,-0.034646122832879295
322,177,-0.0077181252845457222
322,193,-0.035949106965905545
322,209,-0.026525433962375951
322,33,-0.027433335290833152
322,49,-0.017836052134566509
322,65,-0.02822756595748158
322,81,0.018775954091642344
322,97,0.015288782045814285
322,113,-0.028433171578612661
321,129,-0.014668984560178957
321,145,-0.027302758156642282
321,161,0.0030762251610671715
321,177,-0.012344582139156231
321,193,-0.017254287747344076
321,209,-0.028908243912670283
321,33,-0.01272659545961893
321,49,0.0081255598566516776
321,65,-0.017103019057670858
321,81,-0.014790361738959501
321,97,-0.0078050993366915317
321,113,-0.028076018183996094
320,129,-0.00090899229145795875
320,145,-0.015043185772152266
320,161,-0.0073440973640234095
320,177,-0.028583632857132838
320,193,-0.027381122254586238
320,209,-0.015582395830747714
320,33,-0.017564983729026651
320,49,-0.023630417279491157
320,65,-0.013419393342837389
320,81,-0.028548140560303286
320,97,-0.012997097195445324
320,113,-0.028338072294452021
319,129,-0.009791855776338643
319,145,-0.014632632326201689
319,161,-0.02299518837073769
319,177,-0.011163690780981396
319,193,0.026310726168091492
319,209,0.012165699019788794
319,33,-0.0090912530487464605
319,49,-0.0027370674023581522
319,65,-0.025012413242624799
319,81,-0.016648514012301344
319,97,-0.027383963166768978
319,113,-0.013753015155899275
318,129,0.0051630637417174182
318,145,-0.032982050642845234
318,161,-0.020793525908809594
318,177,-0.021486894747762723
318,193,-0.023790607131901016
318,209,0.0010859630128632683
318,33,-0.0037811558797738992
318,49,-0.015765902148434877
318,65,-0.0046000795781549163
318,81,-0.031149274430093844
318,97,-0.028262498104677163
318,113,-0.027350444164442232
317,129,-0.00089306913557668044
317,145,-0.0095141702416427169
317,161,0.019232064562434741
317,177,-0.0022001195786364881
317,193,-0.011362315544602783
317,209,-0.0076454492859671765
317,33,-0.0092253356151466657
317,49,-0.028389706402588605
317,65,-0.022333406607160523
317,81,0.021030084051039306
317,97,-0.028690842601246054
317,113,0.012378238711880403
316,129,0.013638417035903931
316,145,0.0089127690044668896
316,161,-0.01016124348974916
316,177,-0.033064052267323889
316,193,0.0027171405349915526
316,209,0.0022183915601694465
316,33,-0.02778150339930149
316,49,0.021295989811474181
316,65,-0.012973618647509672
316,81,-0.013241107548082109
316,97,-0.01892552398932849
316,113,-0.028749915294013755
315,129,0.0099576003952137442
315,145,-0.018631687359322469
315,161,-0.028451364663452283
315,177,-0.0051075767836052744
315,193,-0.017408285761767388
315,209,0.00022379427364907864
315,33,-0.023161127764763249
315,49,0.0018810223708225996
315,65,-0.0016934073831859295
315,81,-0.001792619653409029
315,97,-8.3142957958556391e-05
315,113,-0.027893917009684438
314,129,-0.011809422427689131
314,145,-0.028298510303348963
314,161,-0.021199353743822837
314,177,-0.00086767800381010911
314,193,0.038497105815838283
314,209,-0.013652851354932926
314,33,0.0095477747027877761
314,49,0.0083975188519843803
314,65,-0.027159229010301256
314,81,-0.028354188081745123
314,97,0.0024580378008537489
314,113,-0.0028987426307882
313,129,0.0060086260576460316
313,145,-0.030331154887836182
313,161,-0.018199173714057815
313,177,-0.012385467450629566
313,193,-0.014827636410037167
313,209,-0.036828812503240244
313,33,-0.023988228739616282
313,49,-0.01401422375081284
313,65,0.0085185254302266172
313,81,-0.029777958255013892
313,97,0.018842852970152601
313,113,-0.042199274946152783
312,129,0.014250758262972809
312,145,-0.029581434528336479
312,161,-0.024891012128248124
312,177,-0.023165992796237656
312,193,0.00072656102861053075
312,209,-0.021581141064778205
312,33,-0.027931685134521114
312,49,-0.0098051658235062105
312,65,-0.028309641964677414
312,81,-0.0063892815789881952
312,97,0.020098706648251578
312,113,-0.0085202337978296135
339,17,-0.020538243860686624
338,17,0.0075582239217417855
337,17,-0.0031866503732713978
336,17,0.0094924585345387957
335,17,-0.0082382878881171028
334,17,-0.028145904224430033
333,17,0.02783828927010289
332,17,-0.028231162326558108
331,17,-0.01244829780475426
330,17,-0.027673821881681819
329,17,0.029915524498585436
328,17,-0.01211709547964037
327,17,-0.0084475939872730756
326,17,-0.0056347356877051264
325,17,-0.015780730795065315
324,17,0.0033353932180597958
323,17,0.032060702783898429
322,17,0.017184527745160032
321,17,0.03804139598308505
320,17,0.0005821598366930439
319,17,0.006959496934294057
318,17,0.012442858543056655
317,17,-0.014298594362053003
316,17,-0.00015349102405070027
315,17,0.01563213913732343
314,17,0.00032927719203141545
313,17,0.0014291583668945486
312,17,-0.0081181467322201661
339,225,-0.0034869339170675879
338,225,-0.019546319634184749
337,225,-0.020594606925157268
336,225,-0.019777901014671754
335,225,-0.026011972890580631
334,225,-0.010923583997122215
333,225,-0.01419461591248752
332,225,-0.017034153581668203
331,225,0.0075229630524066976
330,225,-0.016062554873629141
329,225,-0.0275685147393178
328,225,-0.026520667645955551
327,225,0.0018042828118725969
326,225,0.004248019229057166
325,225,-0.010586461759299972
324,225,-0.017576939978409662
323,225,-0.016554016329540785
322,225,0.014055521175348102
321,225,0.010909062286489033
320,225,-0.0050853031161849031
319,225,-0.033228334036099094
318,225,0.0067070473894190099
317,225,-0.006302340046437648
316,225,0.0089641486454046342
315,225,-0.0083551067885243909
314,225,-0.026199085224800644
313,225,-0.014645089949550922
312,225,0.010115373697714404
