339,129,0.018155586107935686
339,145,-0.002628983568383331
339,161,-0.019819317710076105
339,177,-0.022865707969582788
339,193,0.011630272711887719
339,209,-0.013646666446364591
339,33,-0.022472013533368883
339,49,-0.014148604737714499
339,65,-0.0046812845903505644
339,81,-0.02403784269385089
339,97,-0.018826055416772371
339,113,0.018719852149732572
338,129,-0.020285294129907958
338,145,-0.0031017466373293502
338,161,0.012402647225075092
338,177,0.0066447350421671644
338,193,-0.024770194487556733
338,209,-0.013127814159822282
338,33,-0.0054493101236525445
338,49,-0.016022417945618386
338,65,-0.0071796404747660556
338,81,-0.0084159210763322893
338,97,-0.010091007246870636
338,113,-0.02799289435226545
337,129,-0.0064399878240700287
337,145,-0.019245616240610081
337,161,-0.004945626701761064
337,177,-0.0070796568548784616
337,193,-0.028393039843397534
337,209,-0.010292387394112656
337,33,0.013115130563648162
337,49,-0.025654229407606696
337,65,-0.0045863195519005289
337,81,-0.0028634412737118952
337,97,-0.0070833142524184553
337,113,-0.02850323411671378
336,129,-0.021407110507128929
336,145,-0.021860155285392414
336,161,-0.016632884031392171
336,177,-0.011521486845558485
336,193,-0.04006059419345287
336,209,-0.0049967341107989265
336,33,0.012908609139482351
336,49,0.03799636204346616
336,65,-0.022718496179853064
336,81,0.009447648692761948
336,97,-0.029207740853160861
336,113,0.0012949078697771666
335,129,-0.027474131663874243
335,145,-0.013863740731328669
335,161,-0.013666699441080413
335,177,-0.027697416722460153
335,193,0.0050831745383807499
335,209,-0.019448781243543087
335,33,-0.0067346708107552094
335,49,-0.027526809501475527
335,65,-0.021536975003331911
335,81,-0.018721329618119936
335,97,-0.021267230149757687
335,113,-0.028377307864303258
334,129,-0.034206114490449857
334,145,-0.0058621231124970138
334,161,-0.010147107275380105
334,177,-0.0044160822471646021
334,193,-0.023834921740701301
334,209,0.027632193250450087
334,33,-0.029177325778786525
334,49,-0.028081350455171565
334,65,-0.031449071712210334
334,81,-0.021061519418472445
334,97,-0.0015458494406331079
334,113,-0.029248711330198945
333,129,-0.015875898508858441
333,145,-0.021472424555719766
333,161,0.0045526419337929471
333,177,-0.021506227012127368
333,193,-0.018460723961870415
333,209,-0.028823465170706806
333,33,-0.028784258324724497
333,49,-0.02143794729857075
333,65,-0.0070234857905274034
333,81,-0.026968944370118549
333,97,-0.016440750232832303
333,113,-0.024337044187234074
332,129,-0.027624546022014734
332,145,-0.012392849241800509
332,161,-0.02599499027453395
332,177,-0.013788973409727526
332,193,-0.01525475315789006
332,209,-0.0098968514037477938
332,33,-0.02786178070974088
332,49,-0.013877589921558478
332,65,0.011434087247027085
332,81,-0.0039535786237293495
332,97,-0.016614493420530271
332,113,-0.027848588036792583
331,129,-0.011591761357910211
331,145,-0.0084953401582051422
331,161,-0.018926576683161771
331,177,-0.011775121731326796
331,193,-0.037122286139955683
331,209,0.015273288480506613
331,33,-0.016825640974645985
331,49,-0.022037327546717288
331,65,-0.0059214598199269679
331,81,-0.012991628180448102
331,97,-0.027678622237218158
331,113,-0.0082759881855916304
330,129,-0.019430525452007789
330,145,-0.021381196488676809
330,161,-0.028202311548356451
330,177,-0.0018108620896139995
330,193,-0.028086663372382092
330,209,-0.016218527677525491
330,33,-0.016278881720036761
330,49,-0.025666049747279662
330,65,0.0019247233003682935
330,81,-0.027615768851776724
330,97,-0.011975655920000904
330,113,-0.02485068237235448
329,129,-0.022617929165142735
329,145,-0.028494105549410537
329,161,-0.01580453914338021
329,177,-0.0033247203160552846
329,193,-0.0089058830268672132
329,209,-0.02593972339498218
329,33,-0.02575069552970911
329,49,-0.023881037711177718
329,65,-0.033337840157179041
329,81,-0.024410667880799059
329,97,-0.0092234618343344683
329,113,-0.01519871431314411
328,129,0.0017998832830908912
328,145,-0.024112736850884286
328,161,-0.024146713801585517
328,177,-0.0081055221636858864
328,193,-0.028855751567979617
328,209,-0.011242278113331516
328,33,-0.025077054406935032
328,49,-0.027447662896848187
328,65,-0.027728429084305176
328,81,0.010737664443123681
328,97,-0.020270143163150164
328,113,-0.029623608337047275
327,129,-0.012605755461928634
327,145,0.0010690464631878678
327,161,-0.028827113533394042
327,177,-0.0051313164439190243
327,193,-0.013571711190419784
327,209,-0.012692387514004365
327,33,-0.028025228148760413
327,49,0.017629263760375467
327,65,-0.026047890825281233
327,81,-0.027909314557577218
327,97,0.0042946567984565257
327,113,-0.019548435987788035
326,129,-0.027131228812151437
326,145,-0.022912155852296879
326,161,-0.033457047680748427
326,177,-0.01546987369274877
326,193,-0.028235965384891856
326,209,-0.02598251672683901
326,33,-0.025781417268987319
326,49,0.015350268103088215
326,65,-0.025643029030376862
326,81,-0.034307657879060358
326,97,0.0043882023968402333
326,113,-0.022370636991894909
325,129,-0.015439766729511797
325,145,-6.29131233663196e-05
325,161,-0.017303962860623374
325,177,-0.027994133421879081
325,193,-0.028393339642919596
325,209,-0.012199603325559685
325,33,-0.0041011335755363155
325,49,-0.00016116640999439417
325,65,-0.028263473142539127
325,81,-0.028211116014392201
325,97,-0.014295291999756347
325,113,-0.0042646751692182738
324,129,-0.0028567726044916716
324,145,0.0032831043739920598
324,161,-0.011102606927771864
324,177,-0.027485452497424481
324,193,-0.029669167988782053
324,209,-6.639882463148328e-05
324,33,-0.026432517915144272
324,49,-0.010683884001972749
324,65,-0.02453264272071607
324,81,-0.0160944027572038
324,97,-0.015644815674361899
324,113,-0.03420073528233445
323,129,-0.0096524511071415606
323,145,-0.012671725875302416
323,161,-0.027983938155374397
323,177,0.0067284180323694473
323,193,0.0073520762378876756
323,209,-0.027616845485202973
323,33,-0.012990528954477106
323,49,-0.016633981696586034
323,65,-0.018332336058842713
323,81,-0.013136109451087905
323,97,0.0066329592587217913
323,113,0.013174989252661704
322,129,-0.013449772957884739
322,145,0.013891615212103936
322,161,-0.034921598892566422
322,177,-0.0075966864441226051
322,193,-0.035959141082020071
322,209,-0.026429403507690012
322,33,-0.02747892755446122
322,49,-0.017840174110458785
322,65,-0.028273160205396088
322,81,0.018924697247465004
322,97,0.015439476549548241
322,113,-0.028272739453047094
321,129,-0.0146384464219649
321,145,-0.027444695100347326
321,161,0.0032039649290668579
321,177,-0.012410082276117201
321,193,-0.017132611799410294
321,209,-0.028650440699419018
321,33,-0.012854030331610422
321,49,0.0083355220528251884
321,65,-0.016913047361940374
321,81,-0.014666649843931113
321,97,-0.0076231361896753821
321,113,-0.027974487404189431
320,129,-0.00090394613351717592
320,145,-0.015069795835621052
320,161,-0.0072738680018965647
320,177,-0.028329664609756885
320,193,-0.027726077230540516
320,209,-0.015392656190448504
320,33,-0.017661261423965426
320,49,-0.023403661317151915
320,65,-0.013309873588378828
320,81,-0.028290290560000455
320,97,-0.012811252549387645
320,113,-0.027925731809142672
319,129,-0.0099180509673380702
319,145,-0.014641062861392549
319,161,-0.023021208310482873
319,177,-0.011008960433913053
319,193,0.026389936218305148
319,209,0.012258492872104265
319,33,-0.0089907183377966448
319,49,-0.0025553207430948212
319,65,-0.025018883949672128
319,81,-0.016476410303787669
319,97,-0.027635007995642478
319,113,-0.013615682825882547
318,129,0.0052618297240010345
318,145,-0.033045504738628773
318,161,-0.020956422938532449
318,177,-0.021540262803306481
318,193,-0.023965757618757064
318,209,0.0011129487874709503
318,33,-0.0037321856933975796
318,49,-0.01559182535770926
318,65,-0.0043885378636939467
318,81,-0.030959407929400211
318,97,-0.028325952200460705
318,113,-0.027436130940319863
317,129,-0.00088440240398474838
317,145,-0.0094313131053251707
317,161,0.019352816343342686
317,177,-0.0021723653342172909
317,193,-0.011216976074096704
317,209,-0.0076100824832143442
317,33,-0.0091273099283972377
317,49,-0.027800615522332799
317,65,-0.022199412214961901
317,81,0.021184867705006546
317,97,-0.028628869300674663
317,113,0.012504668311888838
316,129,0.013640532088165175
316,145,0.0089590118820021113
316,161,-0.010282369364902203
316,177,-0.033119554484591973
316,193,0.0027748553463334915
316,209,0.002249320320843707
316,33,-0.027827379444022773
316,49,0.02141669710302585
316,65,-0.013150952903238275
316,81,-0.013323598000312733
316,97,-0.018799098600014292
316,113,-0.028126286691280936
315,129,0.010109762161592144
315,145,-0.018672640926510387
315,161,-0.028289611233692342
315,177,-0.0050130946070368167
315,193,-0.017352375553121149
315,209,0.00025651636191105937
315,33,-0.023082074353623958
315,49,0.0020676946552529935
315,65,-0.0015335680694407649
315,81,-0.0015447801909968112
315,97,0.00011884163816109386
315,113,-0.028081431361200657
314,129,-0.011779483198933403
314,145,-0.028491683037820088
314,161,-0.021183475313356077
314,177,-0.00082772497939945103
314,193,0.038547077998801194
314,209,-0.013588877025288573
314,33,0.0095153638009678812
314,49,0.0084314492359223985
314,65,-0.027079285377875521
314,81,-0.02828421788178399
314,97,0.0025399798035726341
314,113,-0.0026681146016634375
313,129,0.0060001254923322004
313,145,-0.030349432094416724
313,161,-0.018215489189996072
313,177,-0.01231377151879645
313,193,-0.01468399828511799
313,209,-0.036831398222841955
313,33,-0.023811656047891663
313,49,-0.013862829348633171
313,65,0.008664097982415549
313,81,-0.029644022723408735
313,97,0.019011686678043857
313,113,-0.042229338169884327
312,129,0.014241078088239606
312,145,-0.029691883653874072
312,161,-0.024828789844153251
312,177,-0.023098108297261652
312,193,0.00080953677352603524
312,209,-0.021904715904342249
312,33,-0.028297826849737192
312,49,-0.009586978956584816
312,65,-0.028544544357521344
312,81,-0.0062724111896011302
312,97,0.020130694224061718
312,113,-0.008367638988204619
339,17,-0.02051000736535687
338,17,0.0076402039254063496
337,17,-0.0034048484321546725
336,17,0.009580400440691271
335,17,-0.0080751668836781532
334,17,-0.028185725952438324
333,17,0.027973760236532388
332,17,-0.028060156351411368
331,17,-0.01226547067416746
330,17,-0.02750281590653508
329,17,0.029961706684276997
328,17,-0.011881218116128233
327,17,-0.0084668535189694472
326,17,-0.005675180403446666
325,17,-0.015780697693263256
324,17,0.0033757992691865026
323,17,0.031896216036467542
322,17,0.017217242334928513
321,17,0.038143122153629666
320,17,0.00076972287547671936
319,17,0.0070018226022213765
318,17,0.012693117072926814
317,17,-0.014130065856885834
316,17,-0.00021324944957874748
315,17,0.015559607860195432
314,17,0.00033378977379069685
313,17,0.0015007617704127121
312,17,-0.008334221683659002
339,225,-0.0033530427264855593
338,225,-0.019339708901018746
337,225,-0.020487533293941734
336,225,-0.019881559515241006
335,225,-0.025795824696923975
334,225,-0.010835723697351637
333,225,-0.014039611803926317
332,225,-0.016736191570237795
331,225,0.0078019345227377628
330,225,-0.015819724941867903
329,225,-0.027685809732105864
328,225,-0.02621132666875477
327,225,0.0018574587133100217
326,225,0.004327011574082093
325,225,-0.010545121336941432
324,225,-0.01745647338371482
323,225,-0.016405983053274419
322,225,0.014181900547938379
321,225,0.011058981671028542
320,225,-0.0050043307527605782
319,225,-0.033282644507565656
318,225,0.0065177293800442191
317,225,-0.0061543067701712809
316,225,0.0091042970695355274
315,225,-0.0082822885424869951
314,225,-0.026198603837649399
313,225,-0.014500266096349553
312,225,0.01027764914642702
