339,129,0.018149493249523488
339,145,-0.002688937431545536
339,161,-0.023001055560230594
339,177,-0.023069007515085633
339,193,0.011840767707844042
339,209,-0.011011045167793254
339,33,-0.020602189289532266
339,49,-0.014995463062946041
339,65,-0.0048669849962355207
339,81,-0.021333824570215553
339,97,-0.022877473248227566
339,113,0.019106421034988729
338,129,-0.020572485741699235
338,145,-0.0037600937904312516
338,161,0.012193010563511438
338,177,0.0062401501606855966
338,193,-0.024542390250456892
338,209,-0.014516547820394826
338,33,-0.0072047126798995458
338,49,-0.018267468601358024
338,65,-0.0089447873454871502
338,81,-0.010028357844592696
338,97,-0.0074229732291953955
338,113,-0.021708925450266554
337,129,-0.0063213752209102499
337,145,-0.019127511557983812
337,161,-0.0039854889194634738
337,177,-0.0060182268998172743
337,193,-0.030715108103434773
337,209,-0.0088344494773606279
337,33,0.013735502106955956
337,49,-0.022238119953827219
337,65,-0.00237772308440563
337,81,0.00041009489199647067
337,97,-0.0076810954685182084
337,113,-0.034922911221919282
336,129,-0.017638990295967188
336,145,-0.021971981987923703
336,161,-0.015203597044710748
336,177,-0.015183737588952242
336,193,-0.044471540341103434
336,209,-0.0067491301447449217
336,33,0.011859239316026894
336,49,0.038902108372796715
336,65,-0.024634920734433241
336,81,0.010478593762957462
336,97,-0.028794110385508449
336,113,-0.0023216288571115992
335,129,-0.023801346918757915
335,145,-0.013603273608000691
335,161,-0.017706473248547287
335,177,-0.027820233270106569
335,193,0.0051455957513588356
335,209,-0.020016078288047915
335,33,-0.0049633877928188025
335,49,-0.021080232850078533
335,65,-0.020451514068227886
335,81,-0.022942119655386322
335,97,-0.020354895929359049
335,113,-0.020897122574568459
334,129,-0.033955409448768313
334,145,-0.0072607152341349988
334,161,-0.0090406664028786169
334,177,-0.0053939577106501477
334,193,-0.024656745574322403
334,209,0.027529085536358858
334,33,-0.041426041046662879
334,49,-0.033151172856484737
334,65,-0.032121108832350413
334,81,-0.02159125390699447
334,97,-0.00379018080548964
334,113,-0.042509569190672183
333,129,-0.018236547841029536
333,145,-0.021864150022400157
333,161,0.0029352192262910282
333,177,-0.02308948060738715
333,193,-0.016034199189969466
333,209,-0.027454598526134365
333,33,-0.036603434818257077
333,49,-0.022388470222107226
333,65,-0.0077598389924729543
333,81,-0.028393215908182806
333,97,-0.017620421416053782
333,113,-0.024542881496992179
332,129,-0.028340737245415727
332,145,-0.013221462112412059
332,161,-0.024865043680115217
332,177,-0.014945146851814282
332,193,-0.016496584611343897
332,209,-0.0087179866332938848
332,33,-0.021659882266094686
332,49,-0.014864008237738834
332,65,0.0096783386784737076
332,81,-0.0039670486004971693
332,97,-0.017373400414434362
332,113,-0.02364482228781753
331,129,-0.012405522006448571
331,145,-0.0085963599576689975
331,161,-0.019483286509913052
331,177,-0.010376900269052492
331,193,-0.036577745033114367
331,209,0.01510490336364018
331,33,-0.015135276477685748
331,49,-0.021770373479806943
331,65,-0.0076364057751528575
331,81,-0.010513405469310805
331,97,-0.026575928749301099
331,113,-0.0090578908478965003
330,129,-0.018472681510224152
330,145,-0.021405502360232469
330,161,-0.025146378070065693
330,177,-0.0021498330434639996
330,193,-0.027788649429197142
330,209,-0.018875972264698514
330,33,-0.017987264103357218
330,49,-0.023675222483229574
330,65,0.00020075420500765629
330,81,-0.030328537854814965
330,97,-0.01469155110071254
330,113,-0.028722864284037315
329,129,-0.023032531265285837
329,145,-0.028157208576063936
329,161,-0.017192129218085259
329,177,-0.0054037273066670681
329,193,-0.0072988874999154827
329,209,-0.027025097829017318
329,33,-0.029599287623947423
329,49,-0.025180911205608503
329,65,-0.03281256817598055
329,81,-0.017071867838089286
329,97,-0.01065095202686547
329,113,-0.017484229913699832
328,129,0.0021685536132545532
328,145,-0.025590621735841878
328,161,-0.02186139802838508
328,177,-0.0082706459587040624
328,193,-0.041155355483830112
328,209,-0.0091055144859294966
328,33,-0.026009813639054039
328,49,-0.027952753697986034
328,65,-0.031984343813447724
328,81,0.0090768374778749696
328,97,-0.019806024017588925
328,113,-0.029663832170968674
327,129,-0.013756895018820124
327,145,-0.00089650285432642902
327,161,-0.027195172953593087
327,177,-0.0076662968471406714
327,193,-0.014301449267297725
327,209,-0.013952553671540099
327,33,-0.032869360465875568
327,49,0.017178304301613854
327,65,-0.025376068734697464
327,81,-0.030894089008396478
327,97,0.0011082043083005992
327,113,-0.021806842680133713
326,129,-0.027372726882316172
326,145,-0.024245664032313395
326,161,-0.035935773529163051
326,177,-0.011640568938843991
326,193,-0.023951996791900465
326,209,-0.026568597821965353
326,33,-0.026069822472921677
326,49,0.013030525806294992
326,65,-0.027546212278647703
326,81,-0.039388539154359033
326,97,0.0015513399641721929
326,113,-0.025050233912592236
325,129,-0.016142354273616506
325,145,-0.00026204320226062394
325,161,-0.016663714648713052
325,177,-0.026677528258858857
325,193,-0.025661253388812606
325,209,-0.013205436996476175
325,33,-0.0067335034091250794
325,49,0.0010527021454668402
325,65,-0.023189616167353995
325,81,-0.031992559984639499
325,97,-0.017198157499504645
325,113,-0.0077121200849553668
324,129,-0.0020922276919005394
324,145,0.002088105864364866
324,161,-0.01261849802494814
324,177,-0.017306576819368799
324,193,-0.038194310834475199
324,209,-0.00022766173430645021
324,33,-0.022788983427967674
324,49,-0.013280346947409424
324,65,-0.027683672964500847
324,81,-0.01291698339194698
324,97,-0.017694450612213863
324,113,-0.03346717095652877
323,129,-0.008244042107927927
323,145,-0.010166760409537718
323,161,-0.022724822188614879
323,177,0.0079365208335315084
323,193,0.0070480932234446743
323,209,-0.030997431648396068
323,33,-0.013744609217224767
323,49,-0.019457045576329868
323,65,-0.018185750742499725
323,81,-0.014982361844820154
323,97,0.0071654543112893475
323,113,0.011144932217903773
322,129,-0.014010456652358085
322,145,0.013078041620255906
322,161,-0.038710531209290792
322,177,-0.010262495185843136
322,193,-0.03561638444216729
322,209,-0.025288186269676619
322,33,-0.031247125110611878
322,49,-0.017279056423104417
322,65,-0.029007430312595804
322,81,0.017140251630460523
322,97,0.014317283386640579
322,113,-0.02547704915496634
321,129,-0.014780858857930578
321,145,-0.023573032011101162
321,161,0.0020967482523725918
321,177,-0.011144632850722799
321,193,-0.019029661290905622
321,209,-0.023682782301093282
321,33,-0.011530342608485514
321,49,0.010709606437845867
321,65,-0.019019724282262618
321,81,-0.016326218072731501
321,97,-0.010018052246724057
321,113,-0.032300138608706008
320,129,0.00014902723270366464
320,145,-0.011361743919721589
320,161,-0.0084931151336963152
320,177,-0.025600341125147922
320,193,-0.018026856914191744
320,209,-0.01507393509891187
320,33,-0.016381296395765046
320,49,-0.023279586264685587
320,65,-0.013990423754313107
320,81,-0.034965518398220909
320,97,-0.013963264936839942
320,113,-0.023155574928456719
319,129,-0.011028990909027477
319,145,-0.015709326450562264
319,161,-0.020153813704760222
319,177,-0.012952651934488787
319,193,0.024286656866625806
319,209,0.008348060230949722
319,33,-0.010558553877390802
319,49,-0.0054027722736512095
319,65,-0.015069356575983234
319,81,-0.018307844890236076
319,97,-0.023019016141155507
319,113,-0.015338048223243536
318,129,0.0045853234691619893
318,145,-0.030935087638141283
318,161,-0.019139335574356701
318,177,-0.018668268844382795
318,193,-0.021861287641304697
318,209,0.0008381788234587996
318,33,-0.0041727588657067601
318,49,-0.016854488815424548
318,65,-0.0062116108733640159
318,81,-0.03005237477740838
318,97,-0.024757269094705363
318,113,-0.024969799000823179
317,129,-0.0018671432295702505
317,145,-0.010417949172385374
317,161,0.017207978374799465
317,177,-0.0032404334958427896
317,193,-0.01286861076962951
317,209,-0.0061121146898558418
317,33,-0.010121754086869442
317,49,-0.027727084201054672
317,65,-0.021353318769030842
317,81,0.018137527965836567
317,97,-0.039576460487698042
317,113,0.0089789398459875838
316,129,0.013120972844386762
316,145,0.0074510525545491884
316,161,-0.011154888439590165
316,177,-0.031746850969686789
316,193,0.00034618618258717851
316,209,0.0011773559808365838
316,33,-0.030709328672623611
316,49,0.01770479192960267
316,65,-0.014217849364883092
316,81,-0.016980384090536836
316,97,-0.021080287462278219
316,113,-0.029168955278018913
315,129,0.0085964521809173289
315,145,-0.016987223583515933
315,161,-0.033584485022575598
315,177,-0.0065328911645980408
315,193,-0.013775801500833159
315,209,-0.00073231109250953392
315,33,-0.023777026584036701
315,49,0.00041527658946989609
315,65,-0.0031545933097739723
315,81,-0.0038489465692237478
315,97,-0.0018049274419516042
315,113,-0.035093307685585697
314,129,-0.012675269614426325
314,145,-0.024830838603482168
314,161,-0.021826853617528279
314,177,-0.0021584819888435867
314,193,0.036802613531960481
314,209,-0.013953580253989422
314,33,0.0085390810542506079
314,49,0.0067668505748883553
314,65,-0.029799410007387485
314,81,-0.027760706488720151
314,97,0.00086494753797182163
314,113,-0.0055908828926965418
313,129,0.006494012341855991
313,145,-0.029689007232536018
313,161,-0.014977437643726315
313,177,-0.0085792809726310728
313,193,-0.016324608057301817
313,209,-0.036067123179231809
313,33,-0.022986215694671557
313,49,-0.015370922655522024
313,65,0.0079184184069330463
313,81,-0.027133688090467074
313,97,0.017249985307125317
313,113,-0.040569479957993787
312,129,0.013916306237826939
312,145,-0.030739200138666937
312,161,-0.025869960767334995
312,177,-0.023183815935526202
312,193,-0.00053968771372329342
312,209,-0.022801862342709672
312,33,-0.027919222739822412
312,49,-0.010862337603351467
312,65,-0.020424117783723515
312,81,-0.0083022945392149661
312,97,0.020197822263142564
312,113,-0.0089615115032399949
339,17,-0.021138775250923288
338,17,0.0078837330953135474
337,17,-0.0037017668607003669
336,17,0.0089257947375640471
335,17,-0.0094973053875024825
334,17,-0.026218331579962399
333,17,0.026272948679961477
332,17,-0.02689944734909373
331,17,-0.012884671458629477
330,17,-0.020592614918691837
329,17,0.031164516183086723
328,17,-0.012480196472647018
327,17,-0.0087332169108176403
326,17,-0.0038575160389269516
325,17,-0.016727773767753275
324,17,0.0052559243405906212
323,17,0.030551262470638548
322,17,0.016176122563797673
321,17,0.039014323818512754
320,17,-0.002063928623977457
319,17,0.005993528210363413
318,17,0.010744286402316471
317,17,-0.016258017598196211
316,17,-0.0015299197989160371
315,17,0.015485516187559795
314,17,0.00042771501431836914
313,17,0.0002342913561166407
312,17,-0.0094970058190787295
339,225,-0.0054828438186029478
338,225,-0.020258871939103733
337,225,-0.021662969523150652
336,225,-0.021920274837309447
335,225,-0.027799720007010476
334,225,-0.012660235608543622
333,225,-0.015648614434409024
332,225,-0.018325921967231328
331,225,0.005804943493292288
330,225,-0.01750543104787142
329,225,-0.02378759969406535
328,225,-0.027478723591158327
327,225,0.0011624497152180825
326,225,0.0020892642499372636
325,225,-0.011246970520591619
324,225,-0.020654300309333892
323,225,-0.019109237044562789
322,225,0.011588205660504875
321,225,0.0089501206714507932
320,225,-0.0067901519847292438
319,225,-0.035892728525247962
318,225,0.0036599561114305807
317,225,-0.0085302522813891501
316,225,0.0067435234151118576
315,225,-0.0085135401145073203
314,225,-0.026504024016016189
313,225,-0.016081701928203317
312,225,0.0089657792669305958
