339,129,-0.00074904099109384618
339,145,-0.014847793358889128
339,161,-0.019148568631882256
339,177,-0.0047257943386415924
339,193,-0.010127478571163133
339,209,0.006551863222798408
339,33,-0.024277636251433896
339,49,-0.029289612342404694
339,65,-0.026662262689457657
339,81,-0.0031696725323347883
339,97,0.0063404213216396452
339,113,0.012161803966991232
338,129,-0.01687783681963825
338,145,-0.0044881258527173784
338,161,-0.0098800862396011772
338,177,-0.033108980982983649
338,193,0.0055506675044017188
338,209,-0.023595109147225662
338,33,-0.0095385588209458139
338,49,-0.001246004755020895
338,65,-0.032733134237117656
338,81,-0.021787972866994573
338,97,0.0071084079228187907
338,113,0.01817058157221664
337,129,0.01272832418710286
337,145,0.027058530289006205
337,161,0.011763531296122461
337,177,0.027765650154916277
337,193,-0.0092329416774854772
337,209,0.00846224617208019
337,33,-0.012012290276177215
337,49,-0.0060147404965278589
337,65,0.009575646682028878
337,81,-0.011075201336661273
337,97,0.0061148988121286401
337,113,0.021684465721766473
336,129,-0.0058287980227903508
336,145,-0.017724290901486944
336,161,-0.0024301098855961157
336,177,-0.0063588498078144956
336,193,-0.017855318802753997
336,209,-0.017361743468030988
336,33,0.0047406269108785587
336,49,0.014296803671333241
336,65,0.010373375980772842
336,81,-0.0098310225068819791
336,97,0.0016272104228613731
336,113,0.0023068872807449764
335,129,0.0093702915977674876
335,145,-0.019388583713898597
335,161,-0.0087380038504832561
335,177,-0.022182774282057852
335,193,-0.00585621075493159
335,209,-0.0015806908182844268
335,33,-0.010447573210735542
335,49,0.0019301987667533305
335,65,0.01417987350560284
335,81,-0.017133173869237611
335,97,-0.02065805416134199
335,113,0.010666983111558472
334,129,0.0057664047005890045
334,145,-0.00048836154855061756
334,161,-0.026972231585936701
334,177,-0.0095303179968448878
334,193,-0.017254071049214302
334,209,-0.014000113676942521
334,33,-0.022245136292726477
334,49,-0.020999082903567143
334,65,0.0042927828618178326
334,81,-0.0058964717869075638
334,97,0.006132420421033318
334,113,0.0026040567946621794
333,129,0.0031050900170628763
333,145,0.0061691009208228028
333,161,0.00055253009317224886
333,177,0.00033901761954419551
333,193,-0.019757639729443256
333,209,0.01859602007332602
333,33,-0.025285654985897302
333,49,-0.022314466369871819
333,65,-0.011042412422381406
333,81,-0.01153769114068641
333,97,-0.010448899539287588
333,113,-0.0075919647337086369
332,129,-0.028065341547087588
332,145,0.0076254384106611032
332,161,-0.011309853918914516
332,177,-0.011344202068251812
332,193,-0.0069721875580642497
332,209,-7.6978188199411683e-05
332,33,-0.0066013562627100404
332,49,-0.00059917577049831063
332,65,-0.0054507375927713188
332,81,-0.020811036167476919
332,97,-0.0030919188809558494
332,113,-0.012746881638310493
331,129,-0.0038469916578182622
331,145,0.0074425582202457185
331,161,-0.018070109976582899
331,177,0.001677069051253081
331,193,-0.0080172317918680968
331,209,0.0046379323325666105
331,33,0.010462676201567371
331,49,0.0017080803802014669
331,65,-0.0047310143660126607
331,81,-0.020038940127040186
331,97,-0.019197690036498297
331,113,0.0076944261553056059
330,129,-0.0057735227616865495
330,145,-0.016476232374943348
330,161,-0.015289358680477486
330,177,0.00048097610149678324
330,193,-0.014346334628298455
330,209,0.019879496037470919
330,33,-0.011526544951652531
330,49,-0.015773897283643572
330,65,-0.0060504855194071037
330,81,-0.0044674699294305203
330,97,0.00047781803119369224
330,113,-0.0088096176856371691
329,129,0.0241580929287235
329,145,-0.019903714959473153
329,161,0.0038164311735972125
329,177,0.010684410438055576
329,193,0.00052008254351022559
329,209,-0.0063014887197681089
329,33,0.00014739995091493359
329,49,0.017162040518056292
329,65,-0.0032604272517535865
329,81,0.0015585979914279542
329,97,-0.014244805973423135
329,113,-0.019276285341182767
328,129,-0.023593545358763915
328,145,0.010179119741688194
328,161,0.0075166967674582209
328,177,-0.009979985719979486
328,193,-0.0064080561699680254
328,209,-0.018982659888806777
328,33,-0.0071904653207401845
328,49,-0.0057384898254062323
328,65,0.018599417475451893
328,81,-0.010958009648692932
328,97,0.010224424362434341
328,113,-0.0038183348961162719
327,129,-7.1376111486742936e-05
327,145,0.0021931661746383115
327,161,0.00088141361934806681
327,177,0.0054016536437625426
327,193,0.00050377985826206969
327,209,0.0022313794494440513
327,33,-0.029984901780374246
327,49,0.024302708693549644
327,65,0.0082960912314254016
327,81,0.026028022548262867
327,97,0.0028540805450028473
327,113,-0.01976483284757545
326,129,-0.0040499301867876966
326,145,0.0037698177205863635
326,161,-0.0116516003207736
326,177,-0.015448837889527339
326,193,-0.021236303806606866
326,209,-0.0096912791411946381
326,33,-0.0061359804367675753
326,49,-0.011954608051105101
326,65,-0.0083013818077062613
326,81,0.016571245633872599
326,97,-0.0070737141125463534
326,113,-0.0098599254004732816
325,129,0.0041862148200754691
325,145,-0.014165034970921815
325,161,0.020213472029905109
325,177,0.0096661541987203142
325,193,0.006694390166759461
325,209,-0.0074848008451905788
325,33,-0.0015905611050312518
325,49,-0.028186842276285151
325,65,-0.0047071685304378068
325,81,-0.03238139210526652
325,97,-0.0029033795549479645
325,113,0.0050109991265400809
324,129,-0.021703583167726158
324,145,0.014813473506227822
324,161,-0.020676511661704595
324,177,0.013084353547195747
324,193,0.0059866722329851192
324,209,0.00089721237695206634
324,33,0.0037747368205868106
324,49,-0.024973422018178152
324,65,0.0068812576978756843
324,81,-0.017664132296349007
324,97,-0.012576396935872593
324,113,-0.010418868225344654
323,129,0.0028802098345646452
323,145,-0.025948312347181913
323,161,0.0046859157508177662
323,177,0.0026613039013507166
323,193,-0.024022788818567196
323,209,-0.022504984537924842
323,33,0.009661972333186648
323,49,-0.023746762676693754
323,65,-0.025091384403994107
323,81,-0.00076318116031099032
323,97,-0.013117284982394579
323,113,-0.033585421994034435
322,129,-0.03016359696023288
322,145,-0.003499189443402064
322,161,8.7313160112097635e-05
322,177,-0.019433244515601546
322,193,-0.0060920406515051111
322,209,-0.030516244269856413
322,33,-0.0038368341255055442
322,49,-0.012721025722600797
322,65,-0.0010517602282077373
322,81,-0.024491394235394304
322,97,-0.0075721293382102987
322,113,-0.024278670981687962
321,129,-0.03650905281553838
321,145,-0.0044010882228599493
321,161,-0.028162843262560907
321,177,-0.018820158583018921
321,193,-0.01738044634657842
321,209,-0.011970786882699477
321,33,0.017234577317703989
321,49,-0.0068206999918963397
321,65,-0.024216503877704024
321,81,0.0058587476402803471
321,97,-0.015058939987187213
321,113,-0.033264133652794327
320,129,-0.02109274740859006
320,145,-0.018278842674191532
320,161,0.001254855792784215
320,177,-0.0093894127273119153
320,193,-0.021741285908820074
320,209,-0.010539019795208158
320,33,-0.021525354658781012
320,49,0.019474333650023299
320,65,-0.034762729519651023
320,81,0.009110947390107654
320,97,-0.013080122175516929
320,113,-0.014933832808928904
319,129,-0.024674961067560067
319,145,-0.0076462257864887357
319,161,-0.018965706521415316
319,177,-0.027860175419644927
319,193,0.0096960522432895328
319,209,-0.0024130018118709126
319,33,0.01703011161074194
319,49,-0.023810175188606102
319,65,0.01838651970607301
319,81,-0.021846311927897759
319,97,-0.011589649290354619
319,113,-0.027120479733851618
318,129,-0.0020088175995528527
318,145,-0.034054993672024109
318,161,-0.027467348559132972
318,177,-0.011234016166314304
318,193,-0.0016661455093360529
318,209,0.0012698243767980445
318,33,-0.0073876169992299207
318,49,-0.018657843353621976
318,65,0.00083886401128917959
318,81,0.00096162355222728407
318,97,-0.016978125463583241
318,113,-5.2377557280487317e-05
317,129,-0.0039418969002148673
317,145,0.012048095743572348
317,161,0.023158551359850538
317,177,-0.0010383077083163622
317,193,-0.010176333026667213
317,209,0.0087430806145730802
317,33,-0.031720058085741049
317,49,-0.026127236789415267
317,65,0.018359957892735066
317,81,-0.0073479183401544369
317,97,-0.010961415245380616
317,113,-0.0096179314789462921
316,129,-0.00063183598654998957
316,145,-0.013590450960750351
316,161,-0.010102834433290984
316,177,-0.015085301154573004
316,193,-0.013072057834762525
316,209,-0.014846957321769076
316,33,0.0074122398295177281
316,49,-0.0061435092609944736
316,65,-0.013685788345173741
316,81,-0.0033651097745827727
316,97,-0.013136478768572043
316,113,0.0026217706904703882
315,129,0.00024672924626382596
315,145,-0.0034033314648565802
315,161,-0.0069818933096625832
315,177,-0.010726950621318889
315,193,-0.01298623440096768
315,209,0.0065134025397227836
315,33,-0.014195743314938213
315,49,-0.0052070856855131195
315,65,-0.006991652225443931
315,81,-0.0016604235720457752
315,97,0.0071489311663338276
315,113,-0.049590821588602667
314,129,0.048575900748677577
314,145,-0.010253740280249979
314,161,-0.0073922524264922714
314,177,-0.013965834954909278
314,193,-0.009958590443256447
314,209,-0.0088491859336918745
314,33,-0.020034397453531871
314,49,-0.0095970962037169143
314,65,-0.0096838724542091924
314,81,0.0062766242123018581
314,97,-0.0025415295618539382
314,113,-0.0094594182468928003
313,129,0.00069317002973552145
313,145,-0.023065689212530903
313,161,-0.0069667851738239609
313,177,-0.0053594327920388971
313,193,0.020769332976590567
313,209,-0.0021169510409596616
313,33,0.006152350486131576
313,49,-0.029247123236670315
313,65,0.0070719751173615964
313,81,-0.015191523213585991
313,97,-0.008507548035299517
313,113,-0.0052435097970626012
312,129,0.0022974874013450956
312,145,-0.015364518430298946
312,161,-0.019268177179847645
312,177,0.0061649869713889787
312,193,0.013399689258843965
312,209,-0.022732737328732128
312,33,0.000880898180232039
312,49,0.0069979536645980566
312,65,0.017715551864393511
312,81,0.024851528430971791
312,97,-0.021393554688191825
312,113,0.0052863149923861787
339,17,0.012313712221199369
338,17,-0.024495748252671444
337,17,-0.016841235804306368
336,17,-0.018394281635281041
335,17,0.027730703352359731
334,17,0.0021214199318955098
333,17,-0.0091558826354210116
332,17,-0.024049971304576177
331,17,-0.0044880018278314476
330,17,0.015314235519244185
329,17,0.0024829208345483588
328,17,-0.0038452457157354559
327,17,0.012761974712565417
326,17,-0.0016503014912538159
325,17,0.0063074306134246125
324,17,0.02039983554869073
323,17,0.0062478124368714081
322,17,0.017571296459191029
321,17,0.0036089833965064788
320,17,0.021911849439710671
319,17,0.013651933555116073
318,17,-0.018686771421263466
317,17,-0.011765982352397158
316,17,0.02141536583081308
315,17,-0.02286924802756286
314,17,0.013731102840657894
313,17,-0.0058823400822553438
312,17,0.020859358930835601
339,225,-0.012042569676022824
338,225,0.00026983320013530994
337,225,0.032214501636486891
336,225,-0.023794376794382153
335,225,-0.0072989774743139248
334,225,-0.02303829475451984
333,225,0.016131727038557295
332,225,0.0027418671149678307
331,225,-0.013926213847253789
330,225,-0.01453353435461519
329,225,0.012483543166649754
328,225,0.0084171395516682047
327,225,-0.016909684686816768
326,225,0.027950944119295575
325,225,-0.0032623177231755765
324,225,0.0044647065326529857
323,225,-0.00033127986931147846
322,225,-0.0051012295520458445
321,225,0.011847737329679852
320,225,0.020538904729359941
319,225,0.031216377430580648
318,225,0.0013037268122120028
317,225,0.0042609569726992083
316,225,0.00050627996382605412
315,225,-0.012432480925868326
314,225,0.034754167798247033
313,225,0.015612470458252328
312,225,0.020729521181564091
