339,129,0.017602744273553027
339,145,-0.0028257031589513514
339,161,-0.021600093767437156
339,177,-0.022528517622188639
339,193,0.011914557208261579
339,209,-0.013888409560643283
339,33,-0.024128434087289069
339,49,-0.013945177347189489
339,65,-0.0045604072796254103
339,81,-0.025361892082160175
339,97,-0.020280707599389776
339,113,0.019577029425624361
338,129,-0.020881752921708477
338,145,-0.0034391158598510545
338,161,0.012393697773570564
338,177,0.0071579809817986931
338,193,-0.023496795297212863
338,209,-0.012461039234294318
338,33,-0.0053836571781509931
338,49,-0.014952303206055862
338,65,-0.0064222947074756851
338,81,-0.0076676883575963785
338,97,-0.0092730728644737446
338,113,-0.029764698360949172
337,129,-0.0055044512356867544
337,145,-0.018533308866561637
337,161,-0.0037115815544977713
337,177,-0.005866922518167633
337,193,-0.028760069310396024
337,209,-0.0085681316183872907
337,33,0.014016367007289912
337,49,-0.024040251855111279
337,65,-0.003863370306583686
337,81,-0.0017168707993062365
337,97,-0.0093135259687092305
337,113,-0.026574702966513788
336,129,-0.023533113274427527
336,145,-0.023656387999482723
336,161,-0.018232431082619065
336,177,-0.011528706577294108
336,193,-0.044033385526437617
336,209,-0.0044776727121490865
336,33,0.012801127495402326
336,49,0.039143337597597007
336,65,-0.022831922064909922
336,81,0.010263971981624712
336,97,-0.032507302433534113
336,113,0.0016437792954621612
335,129,-0.027976586021555398
335,145,-0.013376415023232356
335,161,-0.012837160650298331
335,177,-0.026340785881113438
335,193,0.0051439666598764831
335,209,-0.020973926461358431
335,33,-0.0062239923744905499
335,49,-0.029488780632465364
335,65,-0.02097756005050172
335,81,-0.018532521960973002
335,97,-0.020516169054772954
335,113,-0.024369739767912207
334,129,-0.035794336763023224
334,145,-0.0069015537154732175
334,161,-0.010480553066363816
334,177,-0.0045599901918211335
334,193,-0.023864240104913604
334,209,0.026648231167837818
334,33,-0.031688487107863844
334,49,-0.027979773831771759
334,65,-0.031881386747554329
334,81,-0.021162879833277252
334,97,-0.0014160306595383768
334,113,-0.02972838163031908
333,129,-0.016896722135917381
333,145,-0.021654637560559648
333,161,0.0040289948071431832
333,177,-0.021823718783427509
333,193,-0.019754645727696595
333,209,-0.02708788688114452
333,33,-0.028087869517193671
333,49,-0.020675613231378374
333,65,-0.0067512905480149633
333,81,-0.024719326280541454
333,97,-0.015961089422545035
333,113,-0.023267149525114529
332,129,-0.028065779978354473
332,145,-0.012468917998193394
332,161,-0.027458467968607951
332,177,-0.013427666809421143
332,193,-0.015129678466987134
332,209,-0.010572253006381696
332,33,-0.030169906371074341
332,49,-0.013262622647507986
332,65,0.012154242915604878
332,81,-0.0031828870126012917
332,97,-0.015766045480209847
332,113,-0.029260902038374451
331,129,-0.011626246111343981
331,145,-0.0074431483751966976
331,161,-0.020360179130140457
331,177,-0.011328252864781507
331,193,-0.037264198279302697
331,209,0.015723459268133757
331,33,-0.016219788645947957
331,49,-0.020448506237887805
331,65,-0.0064974490397160132
331,81,-0.011853444574908509
331,97,-0.025662889516743396
331,113,-0.0061819313054810475
330,129,-0.019484541783706344
330,145,-0.02063153156613045
330,161,-0.029293549767908305
330,177,-0.0012931095794809075
330,193,-0.027310209072541104
330,209,-0.015475494113301866
330,33,-0.015257548884150717
330,49,-0.025250168481466585
330,65,0.0027647028026109468
330,81,-0.029123264499450716
330,97,-0.011686388310612035
330,113,-0.023377295374217393
329,129,-0.02303553079288884
329,145,-0.028085952803581268
329,161,-0.016519507231689556
329,177,-0.0026492008963216428
329,193,-0.0082940323909479162
329,209,-0.026775874184661486
329,33,-0.024539701313605215
329,49,-0.022353493945600267
329,65,-0.033209019463581062
329,81,-0.021318811016063494
329,97,-0.010038555486738994
329,113,-0.013990015210902354
328,129,0.0014531441605085047
328,145,-0.023425623732303686
328,161,-0.024533530638741634
328,177,-0.007350867435391973
328,193,-0.030317701153982801
328,209,-0.012821726164664338
328,33,-0.024658713354878573
328,49,-0.027346007852422107
328,65,-0.027307540776815561
328,81,0.011777962361181182
328,97,-0.021149225752453163
328,113,-0.029057383263740567
327,129,-0.013371355707373847
327,145,0.0016429689473168249
327,161,-0.028039150504010759
327,177,-0.0049261685093845596
327,193,-0.013206957643727724
327,209,-0.012426120646139235
327,33,-0.025408279552235624
327,49,0.018509799570919801
327,65,-0.024920381048197299
327,81,-0.025605710871138575
327,97,0.0038668968449641098
327,113,-0.02136894493817099
326,129,-0.026906268592618791
326,145,-0.023058174140377363
326,161,-0.033017982803827964
326,177,-0.014650627165260057
326,193,-0.027237316704696018
326,209,-0.025555624861401185
326,33,-0.025499817826896837
326,49,0.015758492585999605
326,65,-0.025678326402902029
326,81,-0.035019025277534248
326,97,0.0052121260834106196
326,113,-0.022278112800922612
325,129,-0.015842881759591435
325,145,0.00036058043291850632
325,161,-0.017030099998046999
325,177,-0.028056341919478877
325,193,-0.027382984405365043
325,209,-0.011637402925098784
325,33,-0.0035708481542117195
325,49,0.0001370859873969723
325,65,-0.025706995314374623
325,81,-0.02704076295612302
325,97,-0.014144676483372946
325,113,-0.0039105105716149592
324,129,-0.003020422718882196
324,145,0.0040822499090042447
324,161,-0.011246150845668511
324,177,-0.024254770547930224
324,193,-0.029170497263079305
324,209,0.00030120542254343381
324,33,-0.026858470112625123
324,49,-0.010135798966892044
324,65,-0.026869478708518392
324,81,-0.014750966030086035
324,97,-0.015772108019775501
324,113,-0.033698356566215844
323,129,-0.010884746200373024
323,145,-0.012267159854783612
323,161,-0.027999136592767954
323,177,0.0063081358607199193
323,193,0.0079207037883528755
323,209,-0.027624860287977941
323,33,-0.01296919885960719
323,49,-0.016473812692500665
323,65,-0.019642458874033361
323,81,-0.012550565022743702
323,97,0.006597686091818062
323,113,0.014240969173916609
322,129,-0.014479927832802627
322,145,0.013837730539705604
322,161,-0.027369182064590353
322,177,-0.0083416578861484156
322,193,-0.036246249481467971
322,209,-0.025382880697375251
322,33,-0.028408586777435168
322,49,-0.018912857485779561
322,65,-0.026890015168596505
322,81,0.019698653538817758
322,97,0.016147765529020412
322,113,-0.027092250857196125
321,129,-0.014582899781204063
321,145,-0.028040978423508892
321,161,0.0039210245711462123
321,177,-0.013995785730758202
321,193,-0.01615342107016525
321,209,-0.028332803827281133
321,33,-0.014782656399463473
321,49,0.0069970206710725149
321,65,-0.016722453188040502
321,81,-0.014379438430217653
321,97,-0.0075693227931818629
321,113,-0.028867584535640468
320,129,-0.0020232215109606067
320,145,-0.016212411460824003
320,161,-0.0085138849177990115
320,177,-0.031495154265481114
320,193,-0.028548423920595204
320,209,-0.015638334936319366
320,33,-0.020195487973110215
320,49,-0.023368266096673022
320,65,-0.013950476058180391
320,81,-0.027316946016346676
320,97,-0.012605866595404769
320,113,-0.030921960245946654
319,129,-0.011703400199570481
319,145,-0.015040240100978161
319,161,-0.023275973311969927
319,177,-0.010992715141616004
319,193,0.025522890908864001
319,209,0.011674678058939424
319,33,-0.0096265160707141601
319,49,-0.0026479965945747416
319,65,-0.022375625239494872
319,81,-0.016780315127680471
319,97,-0.026180037293922986
319,113,-0.013325066604976664
318,129,0.0051369636274005122
318,145,-0.032976545925366793
318,161,-0.020983113235192249
318,177,-0.022484662573331017
318,193,-0.023184133665815464
318,209,0.0021649581999671963
318,33,-0.0032944806845504413
318,49,-0.014408636885088099
318,65,-0.0037834026737394518
318,81,-0.032548252536570101
318,97,-0.029722354555889677
318,113,-0.029031700265576287
317,129,-0.0012033763960654792
317,145,-0.0095109336785995351
317,161,0.019151999962738392
317,177,-0.0023933683014395477
317,193,-0.011327566050171519
317,209,-0.0088710483092086789
317,33,-0.010954248669046703
317,49,-0.028842726410603571
317,65,-0.021623602264228277
317,81,0.021458309539589143
317,97,-0.029841433179209346
317,113,0.012518178598193024
316,129,0.013242764283933882
316,145,0.0083318246377076487
316,161,-0.010694941454974691
316,177,-0.032914295877990024
316,193,0.0026861295129423689
316,209,0.002077149327907612
316,33,-0.027676546913322837
316,49,0.021035252402498702
316,65,-0.011556422191872723
316,81,-0.013603830264271631
316,97,-0.019115344092857228
316,113,-0.029381193818686719
315,129,0.010367183043822352
315,145,-0.017874723367841457
315,161,-0.028213238436910069
315,177,-0.0051436908352218468
315,193,-0.016366196494459889
315,209,0.00028958348966177418
315,33,-0.022409048088702779
315,49,0.0023721145205736695
315,65,-0.0012446335039170003
315,81,-0.0012721262349687265
315,97,0.00045756683977881226
315,113,-0.028097730253307977
314,129,-0.01201345615919302
314,145,-0.028792650712670044
314,161,-0.021415610116687987
314,177,-0.00098520294154898647
314,193,0.038636484667668385
314,209,-0.013380388951390182
314,33,0.0098408650187209526
314,49,0.0085577981450641032
314,65,-0.026150271912414348
314,81,-0.027732800515928916
314,97,0.0026492625506914229
314,113,-0.002876151510978506
313,129,0.0063151199939424207
313,145,-0.030382118751572991
313,161,-0.018410981320093507
313,177,-0.011727055401028419
313,193,-0.015423912938523677
313,209,-0.036759604206398962
313,33,-0.02366782834585833
313,49,-0.013683776115144998
313,65,0.0088881217760383314
313,81,-0.028882475288225705
313,97,0.019172446355071773
313,113,-0.042098906627256912
312,129,0.013941339723502755
312,145,-0.030159655261042959
312,161,-0.025220430930434159
312,177,-0.022998901614091575
312,193,0.0003246797863240216
312,209,-0.021938968993441749
312,33,-0.02801793905519738
312,49,-0.011927722598491494
312,65,-0.025460276383663581
312,81,-0.0070482054969809235
312,97,0.018951891907678872
312,113,-0.0081688042916141616
339,17,-0.021054141417526765
338,17,0.0076633217936359641
337,17,-0.0026669667412841979
336,17,0.0094414490170748617
335,17,-0.008333622809282298
334,17,-0.029961948274336903
333,17,0.027731585021724195
332,17,-0.028077465695215725
331,17,-0.011997729889852952
330,17,-0.02660522230764591
329,17,0.032970641209194192
328,17,-0.01229482639545355
327,17,-0.0086227235708085694
326,17,-0.0047635359515878226
325,17,-0.016096001703214905
324,17,0.0040799417822879828
323,17,0.031535722275244177
322,17,0.016939215488491935
321,17,0.038030770521724322
320,17,2.879937396575789e-05
319,17,0.0066763088542153466
318,17,0.011672289105862403
317,17,-0.015509513483211694
316,17,-0.00043327107051263023
315,17,0.015528792802764946
314,17,6.9946627755766353e-05
313,17,0.0019522011562729061
312,17,-0.00837742940451109
339,225,-0.0036670445026836954
338,225,-0.019461776939342285
337,225,-0.021688179485763136
336,225,-0.019653588456396302
335,225,-0.026614076693493131
334,225,-0.010906893585605138
333,225,-0.014464568451426752
332,225,-0.017434292811445835
331,225,0.0070001998746878017
330,225,-0.016279521460917282
329,225,-0.025464313409658663
328,225,-0.026713232714565965
327,225,0.0018200459124233846
326,225,0.0035294144347982866
325,225,-0.01217041990603164
324,225,-0.018908083225533858
323,225,-0.018088753210870466
322,225,0.012468156482290599
321,225,0.0097219106277268499
320,225,-0.0057498548868176354
319,225,-0.033777924109468851
318,225,0.0059583532914716571
317,225,-0.0076714317731776428
316,225,0.0076883880590560586
315,225,-0.0091144638889920793
314,225,-0.02638858683471763
313,225,-0.015403499262722354
312,225,0.0091126465902903742
