339,129,0.01774706166645261
339,145,-0.002806724788538825
339,161,-0.020323993946238333
339,177,-0.022964968006190346
339,193,0.01155495003328475
339,209,-0.014280600315865307
339,33,-0.023708277138235635
339,49,-0.014661770789651189
339,65,-0.005522091118665526
339,81,-0.024473960160248706
339,97,-0.019260948943453569
339,113,0.018635481820065098
338,129,-0.020118749263704907
338,145,-0.0029664222605567791
338,161,0.012521839081223231
338,177,0.0067548890111408452
338,193,-0.02434389328487584
338,209,-0.013140720852720762
338,33,-0.0057509513303612347
338,49,-0.015934349341537316
338,65,-0.0070440456362334822
338,81,-0.0084918758399643492
338,97,-0.010345963390362452
338,113,-0.030117074024358263
337,129,-0.0066044314745011381
337,145,-0.019184123977608707
337,161,-0.0051530431801606351
337,177,-0.0068902057832170831
337,193,-0.026845958728534552
337,209,-0.010251196346650308
337,33,0.012986169462708152
337,49,-0.025285011571214464
337,65,-0.0047642502958864207
337,81,-0.0021438194436090539
337,97,-0.0079355667411130492
337,113,-0.028354601933394896
336,129,-0.021916507365394806
336,145,-0.021895005785055186
336,161,-0.016721896082987887
336,177,-0.010840615025968963
336,193,-0.038669529121641823
336,209,-0.0055495837685314931
336,33,0.012442681958155901
336,49,0.038182588239150411
336,65,-0.023222148538656506
336,81,0.0083882892125400448
336,97,-0.030464268862133617
336,113,0.0011604361265620583
335,129,-0.027851253675775515
335,145,-0.014093200352548798
335,161,-0.01386094410606401
335,177,-0.028252325257511306
335,193,0.0047451646139312353
335,209,-0.019648354890660396
335,33,-0.0072001592294966311
335,49,-0.028851611900135375
335,65,-0.021985846350983891
335,81,-0.01915592139235478
335,97,-0.022024743884967921
335,113,-0.02800362173661319
334,129,-0.034142917209279616
334,145,-0.0060755129535003316
334,161,-0.010129919693479521
334,177,-0.0045257820346412706
334,193,-0.023744305635951615
334,209,0.027339595166929374
334,33,-0.029710886774792149
334,49,-0.027751367387582007
334,65,-0.031400738458428751
334,81,-0.020879105393942287
334,97,-0.0016235346363250986
334,113,-0.028268380903788866
333,129,-0.016330606969097206
333,145,-0.021976875617103278
333,161,0.0039311542635400241
333,177,-0.022062061280659254
333,193,-0.019608658294837995
333,209,-0.027385883509984367
333,33,-0.028713098514671038
333,49,-0.021560433732431831
333,65,-0.0070562640082010054
333,81,-0.026841934736318476
333,97,-0.017024700232333524
333,113,-0.024642226448398957
332,129,-0.027636292739859885
332,145,-0.012585721966416797
332,161,-0.025867807891466598
332,177,-0.014239045328484808
332,193,-0.01567516738073044
332,209,-0.01067896584393083
332,33,-0.028851360096267088
332,49,-0.014114419255260554
332,65,0.011043902824487426
332,81,-0.0039319347652711778
332,97,-0.01677205132283368
332,113,-0.02949536392190473
331,129,-0.011498104733128787
331,145,-0.0084977434506953824
331,161,-0.018859119892497431
331,177,-0.011747841927806459
331,193,-0.037333220901587298
331,209,0.015073857479297143
331,33,-0.016928847888050016
331,49,-0.021825029940112185
331,65,-0.0060690088677722584
331,81,-0.012306217334121218
331,97,-0.027452148547649647
331,113,-0.0074030258314635097
330,129,-0.01944454935940659
330,145,-0.021593664917751151
330,161,-0.029422437806185052
330,177,-0.0017255313764937858
330,193,-0.028664197787357251
330,209,-0.016144749881476128
330,33,-0.016377422355014288
330,49,-0.025338316863102606
330,65,0.0018188736680383229
330,81,-0.026790423486808997
330,97,-0.012008086971276267
330,113,-0.024402406275135482
329,129,-0.022675150186684655
329,145,-0.029785067116344342
329,161,-0.015743777194306141
329,177,-0.0035264530025231017
329,193,-0.0093623162498711748
329,209,-0.0271885504060526
329,33,-0.025800948637732107
329,49,-0.024247368292984916
329,65,-0.03334300710351859
329,81,-0.024160644693183242
329,97,-0.0093384192968536586
329,113,-0.015996012563027674
328,129,0.0014515008316371928
328,145,-0.024519975936491654
328,161,-0.023383740242962598
328,177,-0.007952013401369076
328,193,-0.029480002555664075
328,209,-0.012132490609345235
328,33,-0.025489111370291785
328,49,-0.028823179635765174
328,65,-0.029822651182426035
328,81,0.010669654761287027
328,97,-0.019829393615781659
328,113,-0.02952902394687883
327,129,-0.012324119489914357
327,145,0.0012891392034724179
327,161,-0.028681341895407962
327,177,-0.0054693132121211791
327,193,-0.013988840778473489
327,209,-0.012858066676787626
327,33,-0.028262168443060499
327,49,0.01737714950264143
327,65,-0.02631047980863755
327,81,-0.028118553272339985
327,97,0.003682669081372388
327,113,-0.019948264283049261
326,129,-0.026878538538286034
326,145,-0.022971349793135906
326,161,-0.035310451034825455
326,177,-0.015394069289392444
326,193,-0.0277295195746033
326,209,-0.025495932613309985
326,33,-0.025874502936678246
326,49,0.015286041521600392
326,65,-0.025731124707208067
326,81,-0.034115920422444573
326,97,0.0042201095764601553
326,113,-0.02250686925611205
325,129,-0.015369131788144363
325,145,-6.5737594791842201e-05
325,161,-0.017074011406628835
325,177,-0.027043837239879142
325,193,-0.028433899433588247
325,209,-0.012047801207607406
325,33,-0.00409833672859811
325,49,-0.00071887433589324203
325,65,-0.030207998974632035
325,81,-0.027849392297176204
325,97,-0.014560431787088383
325,113,-0.005056483394367311
324,129,-0.0033266278829233446
324,145,0.0023897912936004201
324,161,-0.011475995364391874
324,177,-0.026844828124343158
324,193,-0.031534294508421754
324,209,-0.00052259586919440638
324,33,-0.026974142638861456
324,49,-0.011546087117289924
324,65,-0.025472391450546243
324,81,-0.01596278270352456
324,97,-0.016759016372234033
324,113,-0.034506080455554741
323,129,-0.0098524631090516554
323,145,-0.011740000664438529
323,161,-0.029300663175684229
323,177,0.0061072943674480799
323,193,0.0073912266189613135
323,209,-0.029083309159717415
323,33,-0.013384749226637573
323,49,-0.016677382817632692
323,65,-0.018435835451153442
323,81,-0.012969570283059268
323,97,0.0064424219005213747
323,113,0.013133342670615058
322,129,-0.014009886506598129
322,145,0.013546431850522459
322,161,-0.033182008882022447
322,177,-0.0078634251497446076
322,193,-0.036360177993649268
322,209,-0.02664250288583828
322,33,-0.027008554350601597
322,49,-0.019437898177226239
322,65,-0.028010868031721575
322,81,0.018398498834669125
322,97,0.014994793665052835
322,113,-0.028953681894688811
321,129,-0.014742774586907183
321,145,-0.027507683378643146
321,161,0.003094860397110104
321,177,-0.013400469504697768
321,193,-0.016982843578252887
321,209,-0.029343923118160049
321,33,-0.01332920033349788
321,49,0.0074809766831999899
321,65,-0.016849411665108796
321,81,-0.014535282446065228
321,97,-0.0072525302919715798
321,113,-0.028131078872870446
320,129,-0.00089944214616024751
320,145,-0.014984782531565084
320,161,-0.0074863914965000358
320,177,-0.028468885647655401
320,193,-0.026105856320710018
320,209,-0.015116937811681852
320,33,-0.017484659622809765
320,49,-0.023488198652758245
320,65,-0.013700231806368401
320,81,-0.027788206145543851
320,97,-0.01314132368550258
320,113,-0.027474889477798081
319,129,-0.010252432936547047
319,145,-0.014779445241999848
319,161,-0.023240014156739111
319,177,-0.011189981653316647
319,193,0.02586179314634568
319,209,0.012032222875258734
319,33,-0.0094551576271388188
319,49,-0.0032368274860709529
319,65,-0.023859897657077234
319,81,-0.016790175634204048
319,97,-0.026360351833017669
319,113,-0.013981160412375293
318,129,0.0049381987930369638
318,145,-0.033084662357456336
318,161,-0.020736172070076934
318,177,-0.021564967871105383
318,193,-0.023963415401502795
318,209,0.00095879737742409691
318,33,-0.0039594623189855458
318,49,-0.015755956248049895
318,65,-0.0045178584917463481
318,81,-0.031945881892079392
318,97,-0.028611031695130705
318,113,-0.027235696163061509
317,129,-0.00083492001991546257
317,145,-0.0094411633835017068
317,161,0.019364667661697504
317,177,-0.0019709369960267927
317,193,-0.011082532749785099
317,209,-0.0078802466253709638
317,33,-0.009354707714754067
317,49,-0.02737835249587978
317,65,-0.02220992764231813
317,81,0.021293342082793348
317,97,-0.028593700553790978
317,113,0.012504459684657965
316,129,0.013410219161519129
316,145,0.0085459036228225978
316,161,-0.010317102006125976
316,177,-0.033072447877014299
316,193,0.0026264861053741221
316,209,0.0022290807867909879
316,33,-0.028293953879525002
316,49,0.020919167622862955
316,65,-0.01182621493104144
316,81,-0.01268301899227958
316,97,-0.019075598905952409
316,113,-0.028574787282195122
315,129,0.010086540594410316
315,145,-0.018556346783232678
315,161,-0.028509018146919838
315,177,-0.0050407528562690278
315,193,-0.017119302161237488
315,209,0.00024007920891361335
315,33,-0.023053171823220902
315,49,0.0018406119142420122
315,65,-0.001635089637384993
315,81,-0.0018645332329046485
315,97,-0.00012061175343316215
315,113,-0.028049549849535685
314,129,-0.011996577148769718
314,145,-0.028152988666500085
314,161,-0.021217489624661946
314,177,-0.00096120858747731936
314,193,0.038456000567863968
314,209,-0.013713144479783874
314,33,0.0097290606640141938
314,49,0.008392365807348796
314,65,-0.026818017310187715
314,81,-0.028195616784891173
314,97,0.0023242251826657238
314,113,-0.0029651557104077271
313,129,0.0062292952823958889
313,145,-0.030102709703902209
313,161,-0.01797266810101893
313,177,-0.012514608809823111
313,193,-0.015445538198803383
313,209,-0.036649611220055792
313,33,-0.023725505045966145
313,49,-0.013878325761087676
313,65,0.0085395700053922559
313,81,-0.028467230076284586
313,97,0.018779980260795109
313,113,-0.04183660880509233
312,129,0.014050615671573152
312,145,-0.029870676616330961
312,161,-0.025422517605314787
312,177,-0.023304359712673688
312,193,7.3761849658268128e-05
312,209,-0.021363191164483295
312,33,-0.029188261267163836
312,49,-0.01084184652592764
312,65,-0.028650113350146826
312,81,-0.0071771737903726556
312,97,0.019509779856776117
312,113,-0.0086697273030538358
339,17,-0.020422315982256443
338,17,0.0078224765517694046
337,17,-0.0025707153709216908
336,17,0.009744440418732403
335,17,-0.0084034037057086741
334,17,-0.028371895995355289
333,17,0.027899612394223592
332,17,-0.027338798973855355
331,17,-0.012053030590583783
330,17,-0.027012228732644014
329,17,0.03087722873356798
328,17,-0.012357019843059531
327,17,-0.0086445917481148618
326,17,-0.0057773299195961088
325,17,-0.016004879808672982
324,17,0.0033469603987332083
323,17,0.031518368521036594
322,17,0.01680409763315853
321,17,0.03760776763765937
320,17,-0.0001187538281708622
319,17,0.0066097719247255561
318,17,0.011621937243001888
317,17,-0.015309397080848462
316,17,-0.00026042500889869407
315,17,0.015307134494615529
314,17,0.00012938413641635501
313,17,0.0013439299629313289
312,17,-0.0081898580344847392
339,225,-0.0040911772859311213
338,225,-0.019967420830031852
337,225,-0.020745835607375515
336,225,-0.019412657959502241
335,225,-0.026827930571061257
334,225,-0.011821625081599984
333,225,-0.014981834598287653
332,225,-0.017817849987193379
331,225,0.0065017279130415422
330,225,-0.016883584286957094
329,225,-0.02936580064374426
328,225,-0.02770519282633092
327,225,0.0016468553896104136
326,225,0.004095155843303745
325,225,-0.011082834808603495
324,225,-0.018247478348539837
323,225,-0.017268430775399326
322,225,0.013601547200918749
321,225,0.010684263282083401
320,225,-0.0051278569944925943
319,225,-0.033118359828401667
318,225,0.0066389047212122403
317,225,-0.0070076150348848208
316,225,0.0082495920273581765
315,225,-0.008796203823183333
314,225,-0.025865942864012646
313,225,-0.015256379813029202
312,225,0.0098856191875643633
