339,129,0.017920418114248802
339,145,-0.0026636746527019992
339,161,-0.020173345881782073
339,177,-0.023016255856218443
339,193,0.011534225263120557
339,209,-0.014103378733395878
339,33,-0.023553870758030684
339,49,-0.014648147522768051
339,65,-0.0053942419836547142
339,81,-0.024380336477128998
339,97,-0.018902035657391132
339,113,0.018702449424664203
338,129,-0.020038545815230822
338,145,-0.0028592853566100571
338,161,0.012598284167973492
338,177,0.0067544871222288737
338,193,-0.024421333288717893
338,209,-0.013133429367667213
338,33,-0.0057052349886802661
338,49,-0.016011789345379369
338,65,-0.0069599450321400635
338,81,-0.0084461594982833815
338,97,-0.01012782688336771
338,113,-0.029117135094519769
337,129,-0.0065502118159671005
337,145,-0.019150340767938805
337,161,-0.0050374941579967364
337,177,-0.0068728116606715977
337,193,-0.027328355028025324
337,209,-0.010254315073194107
337,33,0.013044470805584227
337,49,-0.025599019079397874
337,65,-0.0046813475060669425
337,81,-0.0019631095966736551
337,97,-0.0077345550905168715
337,113,-0.02774372764980805
336,129,-0.021483896139396989
336,145,-0.022366096620956458
336,161,-0.016900335556918555
336,177,-0.010614191464936156
336,193,-0.039015360732520397
336,209,-0.0055307028133414829
336,33,0.012453835959753589
336,49,0.037992515469987866
336,65,-0.023311429364126064
336,81,0.0087103552193598926
336,97,-0.030077327853014122
336,113,0.0010634163202660086
335,129,-0.027625175324399159
335,145,-0.014005092437801774
335,161,-0.013676939513424843
335,177,-0.028403309236237139
335,193,0.0048332725286782596
335,209,-0.019201138729682633
335,33,-0.0070736882882421913
335,49,-0.02774217581194377
335,65,-0.021951563062955665
335,81,-0.018933641832344833
335,97,-0.022005855831504818
335,113,-0.028765279696597798
334,129,-0.034061632175943199
334,145,-0.0061236185080320903
334,161,-0.0099118956486429731
334,177,-0.00444442463525304
334,193,-0.023658895741080356
334,209,0.02750146540713674
334,33,-0.029416886744173223
334,49,-0.028176971713039779
334,65,-0.031440722253596211
334,81,-0.020959737251370264
334,97,-0.0016391881695588196
334,113,-0.030016125469974574
333,129,-0.016168085302675505
333,145,-0.021778608559538178
333,161,0.0041967171247197944
333,177,-0.021919366778475113
333,193,-0.018985951262658927
333,209,-0.028654836635119214
333,33,-0.028246784572347111
333,49,-0.021437600720401753
333,65,-0.006644882531773374
333,81,-0.026959068060972563
333,97,-0.016727530794137357
333,113,-0.024671053175584469
332,129,-0.027567785307791328
332,145,-0.012583095986528637
332,161,-0.026110769779042656
332,177,-0.014066142841431628
332,193,-0.015653142492991951
332,209,-0.010471348678788031
332,33,-0.027938328540970506
332,49,-0.014026532522722927
332,65,0.011178189601525444
332,81,-0.0038595360829067555
332,97,-0.016649353646241816
332,113,-0.028510722013347319
331,129,-0.011520215600720187
331,145,-0.0085509835488179475
331,161,-0.01903761148077485
331,177,-0.011498189753266705
331,193,-0.037246255974646515
331,209,0.01514916298162948
331,33,-0.017017251970272852
331,49,-0.021893891074596428
331,65,-0.0062082927887871326
331,81,-0.012512172123637449
331,97,-0.028074002706990078
331,113,-0.0074562748849674194
330,129,-0.019292508215227037
330,145,-0.021421489372852157
330,161,-0.028705172533724854
330,177,-0.0016454860034931266
330,193,-0.028091899413597035
330,209,-0.015833124493151537
330,33,-0.016301381122005326
330,49,-0.025476279797114657
330,65,0.0020030439219093903
330,81,-0.027409812680189157
330,97,-0.011960173530009832
330,113,-0.024439098199553588
329,129,-0.022799144240682825
329,145,-0.029558706592611412
329,161,-0.015688264294931406
329,177,-0.0037422949040167822
329,193,-0.0098132001283330553
329,209,-0.026799741453496683
329,33,-0.025967019036243578
329,49,-0.024390379099676868
329,65,-0.033551207263977804
329,81,-0.024553524258124914
329,97,-0.0099637786939113047
329,113,-0.016085453121294706
328,129,0.0015572370811616667
328,145,-0.024393677149672461
328,161,-0.023843082960535202
328,177,-0.0082401240044085965
328,193,-0.029288937566553735
328,209,-0.011836625547768039
328,33,-0.025371175875676288
328,49,-0.02778380985690352
328,65,-0.028639462720237239
328,81,0.010628916528267654
328,97,-0.020288811326475174
328,113,-0.02970538791943992
327,129,-0.012145367518391884
327,145,0.0012712681437179909
327,161,-0.028451675189520888
327,177,-0.0050603702771609979
327,193,-0.01393965916171289
327,209,-0.012879865360594827
327,33,-0.028614354062990111
327,49,0.017426312441778221
327,65,-0.02613169513075031
327,81,-0.028223417807610039
327,97,0.0039982211021472929
327,113,-0.019407533489086474
326,129,-0.026860124101320559
326,145,-0.022956575904782867
326,161,-0.035926499684089626
326,177,-0.015527108323281339
326,193,-0.028312694850282715
326,209,-0.026144928297690544
326,33,-0.025756582034327277
326,49,0.015316731228310128
326,65,-0.025904294424908249
326,81,-0.035123327336835666
326,97,0.0041950332043007073
326,113,-0.02257592655468155
325,129,-0.015325830849406499
325,145,1.1566127593623917e-05
325,161,-0.017004246364168234
325,177,-0.027083732261002105
325,193,-0.028093449099719763
325,209,-0.011936539339124313
325,33,-0.0038967241898273017
325,49,-0.00064533532513825283
325,65,-0.029325477177849439
325,81,-0.027984082828074103
325,97,-0.01435880662343785
325,113,-0.0047235126652969261
324,129,-0.0031590364925966679
324,145,0.0027508358999900335
324,161,-0.011185838143928224
324,177,-0.026840289488058944
324,193,-0.030907238945214605
324,209,-0.000260052098986257
324,33,-0.026838295804644991
324,49,-0.011177179905694945
324,65,-0.025443909271050467
324,81,-0.016066320215900737
324,97,-0.016386180900656432
324,113,-0.034290954634791766
323,129,-0.0099282992679848893
323,145,-0.012109441825744614
323,161,-0.028687588507186758
323,177,0.0065115589100776918
323,193,0.0076167461836660439
323,209,-0.027907082173298816
323,33,-0.01309949001997255
323,49,-0.016316689565432644
323,65,-0.018398580651622077
323,81,-0.012652536753006826
323,97,0.0068704109563360897
323,113,0.013470244642229318
322,129,-0.013910501300949585
322,145,0.013630210302200362
322,161,-0.033822371847383639
322,177,-0.0077049571992958248
322,193,-0.036240993910889023
322,209,-0.026460498893150167
322,33,-0.02718605124229969
322,49,-0.018743004156434519
322,65,-0.02812887134432512
322,81,0.018760278911528209
322,97,0.0152668396696651
322,113,-0.028494664652034367
321,129,-0.014784005766265259
321,145,-0.027793672753896298
321,161,0.0033425274061827308
321,177,-0.012858923687092199
321,193,-0.016727515467816385
321,209,-0.028809985523282584
321,33,-0.01340910653405822
321,49,0.0079502463171744302
321,65,-0.016636267446476026
321,81,-0.014268460385397511
321,97,-0.0070087116059617616
321,113,-0.028160654930330563
320,129,-0.00084305959775579349
320,145,-0.015083325515508705
320,161,-0.0073389047831552675
320,177,-0.027879131804368209
320,193,-0.026931985325118091
320,209,-0.014847374584013013
320,33,-0.017691236789953105
320,49,-0.023301257720761408
320,65,-0.013442467985130577
320,81,-0.029198155217916803
320,97,-0.012808977622264135
320,113,-0.027935763528896859
319,129,-0.01068901222537124
319,145,-0.014979268951723764
319,161,-0.023525185520040091
319,177,-0.011184101476200836
319,193,0.025839547090495785
319,209,0.011933424085382236
319,33,-0.0094091886541436826
319,49,-0.0030511455225704157
319,65,-0.024345790470163553
319,81,-0.016760256016676876
319,97,-0.027395503869171903
319,113,-0.013827335809147964
318,129,0.0049984877922904358
318,145,-0.033211908294636099
318,161,-0.020561522008146461
318,177,-0.021684538104661425
318,193,-0.023788764477443117
318,209,0.0012170341627200357
318,33,-0.0038762385223928743
318,49,-0.015550887005482971
318,65,-0.0043965154234419882
318,81,-0.031710420934925106
318,97,-0.028174917039468748
318,113,-0.027432123583965101
317,129,-0.00089075855721027311
317,145,-0.0093762991192747336
317,161,0.019479976673246812
317,177,-0.0019410373535694904
317,193,-0.010897527396157333
317,209,-0.007418032374246447
317,33,-0.0091581132953987964
317,49,-0.027480964575869536
317,65,-0.022218935337739776
317,81,0.021466741463825489
317,97,-0.028509420718120824
317,113,0.012666235998164785
316,129,0.013484138736605488
316,145,0.0087545692427415025
316,161,-0.010535269091620817
316,177,-0.033114075662605193
316,193,0.0027797668098655374
316,209,0.0021954361278169452
316,33,-0.02827175142561103
316,49,0.021261816657332861
316,65,-0.012332628438642863
316,81,-0.012990025426806415
316,97,-0.018874847976584223
316,113,-0.027273781961213425
315,129,0.010117231851318534
315,145,-0.018731016338598479
315,161,-0.028348840524876132
315,177,-0.0050454711999231502
315,193,-0.017258307061741533
315,209,0.00019595228795948714
315,33,-0.023085465582172487
315,49,0.0020750453902348047
315,65,-0.001553337329185333
315,81,-0.0016769935752273721
315,97,-2.7057853995245446e-05
315,113,-0.028331574473648279
314,129,-0.011889837902978293
314,145,-0.028504930140620235
314,161,-0.021225136589674971
314,177,-0.00090737401670790087
314,193,0.038619970989862501
314,209,-0.013553234009202435
314,33,0.0096844512988185014
314,49,0.0084993261433343511
314,65,-0.026792827913364292
314,81,-0.028572743445876188
314,97,0.0025328769437710165
314,113,-0.0027727369152285262
313,129,0.0063375950221080191
313,145,-0.030071979352907081
313,161,-0.01797692239761229
313,177,-0.012386923554720026
313,193,-0.015121016384912861
313,209,-0.036611111083842629
313,33,-0.023412545021183052
313,49,-0.013523041705209644
313,65,0.0088640889943113893
313,81,-0.028231323735270122
313,97,0.019150626803067717
313,113,-0.041969519051857758
312,129,0.014121026183619467
312,145,-0.029874071603390916
312,161,-0.025224325345658223
312,177,-0.023175792442585785
312,193,0.00035683267413351048
312,209,-0.021865323141992667
312,33,-0.028766800338183861
312,49,-0.010286394148619021
312,65,-0.027541487866479922
312,81,-0.0068517515777795608
312,97,0.019704108098371562
312,113,-0.0083020111817183155
339,17,-0.020718789807489989
338,17,0.0077405161527693946
337,17,-0.0026408415800714502
336,17,0.0096386799169747416
335,17,-0.0083867127551406594
334,17,-0.028505317052152354
333,17,0.02788476338092169
332,17,-0.027432623581479389
331,17,-0.011945936643232369
330,17,-0.026960119821772939
329,17,0.030516794805390712
328,17,-0.012230326231109737
327,17,-0.0085836762146984311
326,17,-0.0058413055902816141
325,17,-0.01587597972342723
324,17,0.0033776724126993408
323,17,0.031955122337423522
322,17,0.017094797188339346
321,17,0.037868420162417329
320,17,0.00037400933650565035
319,17,0.0069417334177334445
318,17,0.012178049251184066
317,17,-0.014891328161133503
316,17,-0.00035855589481077358
315,17,0.015272126592542018
314,17,0.00016351933879105016
313,17,0.0012550688654385253
312,17,-0.0081864073829874574
339,225,-0.003843339569864046
338,225,-0.01971954331227857
337,225,-0.020555789057771154
336,225,-0.019720463613291193
335,225,-0.02645327693389176
334,225,-0.011164458827757764
333,225,-0.014676267978107812
332,225,-0.017389566624174849
331,225,0.0070446544411047023
330,225,-0.016409413095740517
329,225,-0.028105807252699143
328,225,-0.026903878994301769
327,225,0.001772814315296842
326,225,0.0042327257186195316
325,225,-0.010983767776939843
324,225,-0.017792167095881526
323,225,-0.016950565254437101
322,225,0.013819794097314901
321,225,0.010810271368291756
320,225,-0.0049979899285492379
319,225,-0.032953872520585785
318,225,0.0068686720677983643
317,225,-0.0065980538597438833
316,225,0.0087772105238900326
315,225,-0.0086772996242249455
314,225,-0.025822831490094806
313,225,-0.015095736191263689
312,225,0.010046267882961212
