0,2.2820814285714279
8,2.2390319047619056
16,2.1912723809523804
24,2.1333547619047613
32,2.076989999999999
40,1.996294285714286
48,1.9005585714285718
56,1.7782071428571427
64,1.6785547619047616
72,1.4792819047619044
80,1.2756490476190474
88,1.0593509523809521
92,0.94265971428571438
96,0.81520533333333323
100,0.66964947619047621
104,0.45259166666666661
108,0.23104828571428571
112,0.083843990476190455
116,0.017541057142857145
120,0.0046862328571428569
124,0.0042424166666666652
127,0.0043058190476190465
