0,2.181111904761905
8,2.1339099999999998
16,2.0810638095238096
24,2.0181052380952376
32,1.9516919047619046
40,1.8604080952380952
48,1.7487738095238101
56,1.6119499999999998
64,1.4690895238095234
72,1.2843352380952382
80,1.1002623809523808
88,0.89599557142857145
92,0.78410652380952361
96,0.65861757142857136
100,0.49771823809523819
104,0.29874609523809526
108,0.1391624285714286
112,0.041269361904761916
116,0.0015953716666666669
120,-0.0055532390476190473
124,-0.0059812038095238091
127,-0.0058544000000000001
