0,2.2379223809523805
8,2.1927314285714283
16,2.143024761904762
24,2.0821419047619041
32,2.0230028571428571
40,1.9383133333333333
48,1.8370928571428569
56,1.7087490476190477
64,1.5936119047619048
72,1.3958590476190476
80,1.2098214285714284
88,1.0049366666666668
92,0.89512395238095244
96,0.77919285714285724
100,0.64558823809523824
104,0.46614395238095241
108,0.26694971428571429
112,0.12583219047619049
116,0.055217861904761897
120,0.0373859619047619
124,0.036260580952380946
127,0.036149623809523801
