0,2.2202314285714286
8,2.1726952380952382
16,2.1196123809523808
24,2.0552747619047622
32,1.9878623809523808
40,1.8949780952380955
48,1.7815361904761913
56,1.6412890476190474
64,1.4923738095238097
72,1.3102828571428573
80,1.1283176190476192
88,0.92953552380952353
92,0.82354266666666642
96,0.70753233333333321
100,0.57446685714285728
104,0.39170961904761903
108,0.21380280952380948
112,0.090628042857142849
116,0.029745980952380954
120,0.015020809523809528
124,0.013974661904761902
127,0.013863704761904759
