0,2.1758023809523808
8,2.1267128571428575
16,2.0716490476190472
24,2.0044904761904769
32,1.9344128571428574
40,1.8380428571428578
48,1.7207323809523811
56,1.5799480952380953
64,1.4217585714285714
72,1.2474971428571426
80,1.0672290476190476
88,0.8645639047619047
92,0.75150171428571433
96,0.61867409523809513
100,0.43655104761904745
104,0.26137033333333326
108,0.13136399999999998
112,0.057040671428571429
116,0.029761833333333338
120,0.02591014761904762
124,0.025656547619047624
127,0.025704100000000001
