0,2.1865490476190468
8,2.1385547619047611
16,2.0853276190476189
24,2.0209109523809525
32,1.9542438095238093
40,1.8618823809523803
48,1.7513723809523807
56,1.6162933333333331
64,1.4751128571428569
72,1.2914209523809526
80,1.1086147619047619
88,0.90308085714285691
92,0.7895590476190476
96,0.65685814285714295
100,0.47853904761904759
104,0.28980647619047628
108,0.14963985714285716
112,0.066566861904761909
116,0.034659657142857132
120,0.030411704761904763
124,0.030189800000000003
127,0.030189790476190477
