0,2.1763576190476188
8,2.1272195238095231
16,2.0709995238095242
24,2.0048228571428575
32,1.9334152380952381
40,1.8373290476190478
48,1.7200499999999999
56,1.5783785714285716
64,1.4219176190476188
72,1.2467680952380953
80,1.065579523809524
88,0.86473828571428579
92,0.7509469523809521
96,0.6175170476190478
100,0.43729590476190466
104,0.26189342857142861
108,0.13169690476190479
112,0.057008966666666661
116,0.029428961904761911
120,0.02556144285714286
124,0.025545590476190479
127,0.02551389523809524
