0,2.4593533333333335
8,2.4252666666666673
16,2.3794577777777781
24,2.3406644444444447
32,2.3056444444444448
40,2.2485944444444446
48,2.1894533333333328
56,2.107431111111111
64,2.1279622222222221
72,2.0258111111111115
80,1.9016711111111111
88,1.7112966666666667
92,1.6144855555555555
96,1.512707777777778
100,1.3611255555555555
104,1.1786644444444445
108,0.99228433333333321
112,0.78361466666666668
116,0.58849833333333335
120,0.35473888888888888
124,-0.00077230144444444444
127,-0.077833311111111123
