0,2.1875476190476189
8,2.138934285714285
16,2.0852638095238092
24,2.0194842857142863
32,1.951819047619048
40,1.8577614285714279
48,1.7429399999999999
56,1.6022019047619047
64,1.4484200000000005
72,1.2678980952380954
80,1.0856328571428568
88,0.88212638095238072
92,0.76890571428571419
96,0.63839219047619056
100,0.46505028571428547
104,0.28425861904761912
108,0.14960814285714286
112,0.070719714285714302
116,0.042236238095238104
120,0.037956590476190474
124,0.037766385714285713
127,0.037592023809523804
