0,2.1857257142857147
8,2.1369219047619046
16,2.0831242857142862
24,2.0176138095238088
32,1.9500595238095233
40,1.8559390476190483
48,1.7419076190476193
56,1.6033752380952382
64,1.4534438095238091
72,1.2758395238095237
80,1.0892152380952378
88,0.87985985714285719
92,0.75998199999999994
96,0.60940142857142854
100,0.41111057142857149
104,0.23616804761904761
108,0.11793861904761907
112,0.058356266666666656
116,0.041919223809523808
120,0.040302461904761895
124,0.040191509523809517
127,0.040239061904761897
