0,2.1465933333333336
8,2.1001133333333328
16,2.0381344444444442
24,1.977538888888889
32,1.9112677777777778
40,1.8234533333333331
48,1.7019255555555555
56,1.5592644444444446
64,1.4170166666666666
72,1.2310088888888888
80,1.0509366666666666
88,0.85081933333333337
92,0.73937188888888883
96,0.62908166666666665
100,0.48884866666666671
104,0.28544366666666671
108,0.10555966666666665
112,-0.0028257687777777773
116,-0.055730533333333332
120,-0.080260144444444431
124,-0.068387366666666657
127,-0.068947400000000006
