0,2.1871195238095233
8,2.1386809523809514
16,2.0851061904761896
24,2.020641428571428
32,1.9542757142857141
40,1.8622299999999994
48,1.751277142857143
56,1.6159619047619049
64,1.4753495238095238
72,1.2913890476190479
80,1.1085995238095239
88,0.90312838095238068
92,0.78916276190476198
96,0.65677885714285711
100,0.47926823809523805
104,0.29051957142857143
108,0.15028961904761912
112,0.066947285714285723
116,0.034913271428571438
120,0.030570209523809518
124,0.030364152380952379
127,0.030475099999999995
