0,2.162650909090909
8,2.1153027272727276
16,2.0671290909090909
24,2.0021236363636365
32,1.9413345454545456
40,1.8560454545454546
48,1.7450381818181819
56,1.6069936363636366
64,1.4728000000000001
72,1.2775718181818183
80,1.0925436363636363
88,0.88882354545454545
92,0.78068563636363641
96,0.66151999999999989
100,0.5336789999999999
104,0.35790899999999998
108,0.16335236363636366
112,0.030623695727272728
116,-0.040154745454545449
120,-0.059582909090909103
124,-0.064195581818181816
127,-0.061965600000000003
