0,2.2145566666666658
8,2.1678619047619048
16,2.1154747619047618
24,2.0526280952380955
32,1.9880371428571424
40,1.8983071428571427
48,1.7890809523809521
56,1.6543357142857142
64,1.5132480952380951
72,1.3263071428571427
80,1.1432800000000003
88,0.94115399999999971
92,0.83135704761904772
96,0.70914919047619063
100,0.56210342857142848
104,0.36154604761904757
108,0.18324304761904756
112,0.06656685714285715
116,0.015940133333333335
120,0.0066834047619047611
124,0.0062237385714285706
127,0.0061603361904761893
