0,2.1868190476190472
8,2.1381895238095234
16,2.0849319047619042
24,2.020085714285714
32,1.9536414285714281
40,1.8613438095238095
48,1.7504533333333332
56,1.6151833333333336
64,1.4740033333333333
72,1.2908490476190477
80,1.1084090476190478
88,0.90300171428571385
92,0.78963819047619055
96,0.65788833333333341
100,0.48120204761904761
104,0.29212047619047621
108,0.15114552380952381
112,0.06732769999999999
116,0.03499252857142858
120,0.030459257142857139
124,0.030284904761904759
127,0.030205647619047617
