0,2.1178999999999997
8,2.0696963636363637
16,2.0132136363636364
24,1.9464672727272723
32,1.8744072727272725
40,1.7782727272727277
48,1.6581909090909088
56,1.513700909090909
64,1.3518927272727272
72,1.1816518181818181
80,1.0046590909090909
88,0.81001118181818166
92,0.70465299999999997
96,0.58747300000000002
100,0.44802390909090906
104,0.26504481818181813
108,0.10806144545454544
112,0.00019842181818181782
116,-0.046722463636363634
120,-0.060346590909090912
124,-0.063462445454545463
127,-0.061812881818181814
