0,2.1768485714285708
8,2.1271557142857143
16,2.0710619047619048
24,2.0049966666666665
32,1.9344138095238095
40,1.8382485714285715
48,1.7213500000000004
56,1.5811376190476192
64,1.4240419047619048
72,1.2490828571428569
80,1.0676580952380959
88,0.86549914285714258
92,0.75188219047619043
96,0.61873742857142866
100,0.43610709523809521
104,0.26108509523809531
108,0.13187128571428572
112,0.057056523809523807
116,0.029825238095238099
120,0.026084504761904763
124,0.025925999999999998
127,0.02578334761904762
