0,2.2128928571428563
8,2.1664823809523805
16,2.1151742857142857
24,2.0515976190476186
32,1.9887661904761906
40,1.8997961904761906
48,1.7926957142857145
56,1.6600252380952383
64,1.528607619047619
72,1.3361814285714284
80,1.1553738095238093
88,0.95405623809523821
92,0.84521038095238088
96,0.72820147619047604
100,0.58744838095238083
104,0.39565661904761901
108,0.2180667619047619
112,0.10196128571428571
116,0.048307019047619061
120,0.036815352380952369
124,0.036165476190476185
127,0.036133780952380949
