0,2.2444357142857148
8,2.2000228571428568
16,2.1515823809523811
24,2.0923647619047623
32,2.0354447619047615
40,1.952881428571428
48,1.8558909523809528
56,1.733254761904762
64,1.6349176190476182
72,1.4372923809523812
80,1.239287619047619
88,1.0244804761904758
92,0.90609242857142847
96,0.77535700000000018
100,0.60807009523809508
104,0.37549452380952375
108,0.18466942857142851
112,0.065172009523809513
116,0.014973261904761908
120,0.0070479671428571432
124,0.0067785080952380942
127,0.0067309566666666669
