0,2.2236233333333337
8,2.177910952380953
16,2.1266500000000002
24,2.0651819047619058
32,2.003903333333334
40,1.9169947619047616
48,1.8123009523809526
56,1.6810585714285711
64,1.5547623809523814
72,1.3636828571428574
80,1.179467142857143
88,0.97612033333333359
92,0.86671957142857114
96,0.75013871428571444
100,0.6133481904761906
104,0.42734185714285711
108,0.23943328571428571
112,0.11183604761904764
116,0.051160114285714264
120,0.036910461904761896
124,0.035927714285714292
127,0.036102071428571428
