0,2.1894342857142854
8,2.141867142857143
16,2.0883714285714285
24,2.0241123809523804
32,1.9573028571428561
40,1.8645928571428567
48,1.7522438095238098
56,1.6155328571428571
64,1.4673614285714283
72,1.2851428571428576
80,1.102100476190476
88,0.8985951428571427
92,0.78724480952380937
96,0.65847485714285714
100,0.49529309523809523
104,0.29918995238095231
108,0.14483709523809526
112,0.050066423809523822
116,0.012468861904761909
120,0.0064456466666666656
124,0.0061286352380952366
127,0.0062078885714285702
