0,2.1222133333333333
8,2.0749466666666665
16,2.0552722222222224
24,1.9779477777777776
32,1.9169799999999999
40,1.8250211111111112
48,1.7078622222222222
56,1.5802122222222224
64,1.4657033333333334
72,1.2678233333333333
80,1.0855488888888887
88,0.86541766666666664
92,0.75180444444444439
96,0.63259166666666677
100,0.4757438888888888
104,0.28342766666666663
108,0.093201811111111102
112,-0.0053272633333333336
116,-0.047815366666666671
120,-0.061106888888888884
124,-0.058829422222222219
127,-0.061704266666666667
