0,2.1087036363636362
8,2.0574763636363635
16,2.0022463636363637
24,1.9319581818181819
32,1.8583372727272727
40,1.7600663636363636
48,1.6376636363636365
56,1.4914036363636365
64,1.3296845454545456
72,1.1668345454545455
80,0.98294054545454523
88,0.79104109090909092
92,0.69011236363636363
96,0.5728713636363636
100,0.4266102727272727
104,0.24705227272727273
108,0.093704163636363635
112,-0.0038032881818181822
116,-0.050937990909090909
120,-0.062362727272727271
124,-0.06046880000000001
127,-0.059918918181818187
