0,2.2478119047619045
8,2.202337142857143
16,2.1510295238095232
24,2.0894338095238094
32,2.0259347619047618
40,1.9369652380952382
48,1.8301799999999999
56,1.6943423809523805
64,1.5586280952380955
72,1.3610357142857143
80,1.1775338095238095
88,0.97550214285714243
92,0.86738528571428575
96,0.75216752380952379
100,0.62304876190476199
104,0.45357457142857138
108,0.2569162857142856
112,0.11251766666666665
116,0.036308128571428566
120,0.015464614285714287
124,0.013689347619047618
127,0.013768599999999999
