0,2.2668800000000005
8,2.2207866666666671
16,2.1695585714285706
24,2.1075661904761906
32,2.0433090476190476
40,1.9547509523809532
48,1.8458104761904768
56,1.7089719047619045
64,1.5734166666666667
72,1.3766176190476196
80,1.1914819047619047
88,0.98840452380952382
92,0.88058900000000018
96,0.76854114285714292
100,0.64446290476190482
104,0.48682895238095225
108,0.2815798571428571
112,0.12549938095238092
116,0.040239066666666656
120,0.015702376190476191
124,0.013530847619047619
127,0.013388195238095238
