0,2.2326109523809516
8,2.1874523809523807
16,2.1367004761904758
24,2.07486619047619
32,2.0138728571428564
40,1.9268852380952388
48,1.8220804761904754
56,1.690695714285714
64,1.5645742857142864
72,1.3683747619047615
80,1.1818614285714284
88,0.97512180952380967
92,0.86432619047619053
96,0.74448000000000014
100,0.60312471428571446
104,0.40445357142857136
108,0.21047423809523808
112,0.079009571428571429
116,0.01956990952380952
120,0.0070321166666666669
124,0.006509049047619047
127,0.006604152380952381
