0,2.1317744444444444
8,2.0872666666666664
16,2.0311888888888889
24,1.9713411111111112
32,1.9030155555555557
40,1.8216233333333334
48,1.7020000000000002
56,1.5610933333333332
64,1.4164933333333332
72,1.22593
80,1.0569133333333334
88,0.84637611111111122
92,0.73761688888888899
96,0.63356244444444432
100,0.48910999999999993
104,0.31030944444444436
108,0.11530466666666667
112,-0.0028257666666666667
116,-0.049495466666666661
120,-0.065176499999999998
124,-0.062450977777777777
127,-0.07865468888888888
