0,2.2156657142857146
8,2.1694785714285709
16,2.1188504761904765
24,2.0575571428571431
32,1.9972147619047622
40,1.9109385714285705
48,1.8079585714285713
56,1.6809957142857139
64,1.5583757142857146
72,1.3690252380952384
80,1.1780742857142859
88,0.96507257142857161
92,0.8483329047619047
96,0.71802538095238111
100,0.53083028571428581
104,0.3135505714285714
108,0.14943371428571434
112,0.050003014285714291
116,0.012880971428571428
120,0.0076661399999999984
124,0.0074600819047619038
127,0.0074283814285714279
