0,2.1670199999999999
8,2.1240718181818181
16,2.0704281818181816
24,2.006677272727273
32,1.946438181818182
40,1.8565072727272729
48,1.7438154545454545
56,1.6080636363636367
64,1.4695918181818179
72,1.278241818181818
80,1.0919345454545455
88,0.88589090909090895
92,0.77824172727272722
96,0.66659090909090901
100,0.53988018181818187
104,0.36597345454545455
108,0.16830100000000001
112,0.026744162727272727
116,-0.042567990909090907
120,-0.059369081818181818
124,-0.061690690909090913
127,-0.063126436363636365
