0,2.2490323809523822
8,2.2053319047619055
16,2.1576866666666672
24,2.0994023809523803
32,2.0425000000000004
40,1.962693333333333
48,1.8668428571428575
56,1.7466952380952383
64,1.6463771428571432
72,1.4492752380952378
80,1.2481309523809521
88,1.0328809523809526
92,0.91471519047619032
96,0.78486728571428577
100,0.62109909523809514
104,0.38868223809523805
108,0.1936250476190477
112,0.068754257142857128
116,0.016415657142857143
120,0.0075710371428571403
124,0.0070955190476190491
127,0.007127220476190476
