0,2.2799566666666671
8,2.2349414285714282
16,2.1847261904761912
24,2.1226861904761898
32,2.0594599999999992
40,1.9707752380952384
48,1.8626752380952374
56,1.7268190476190475
64,1.5893157142857144
72,1.390217619047619
80,1.2021338095238094
88,0.99824776190476194
92,0.88997257142857134
96,0.77561047619047618
100,0.65246733333333318
104,0.49922419047619049
108,0.29452976190476193
112,0.13057157142857143
116,0.04177656666666666
120,0.015845033333333335
124,0.013467442857142858
127,0.013293085714285715
