0,2.2750442857142863
8,2.2319609523809527
16,2.1847104761904754
24,2.1277595238095239
32,2.0728376190476188
40,1.9935209523809527
48,1.8991466666666672
56,1.7805690476190474
64,1.6882542857142859
72,1.4924838095238095
80,1.2860790476190478
88,1.0699247619047618
92,0.95125076190476188
96,0.82306723809523796
100,0.67064819047619062
104,0.44103657142857133
108,0.22196600000000002
112,0.078613295238095265
116,0.017588604761904762
120,0.006651704285714286
124,0.0062395895238095229
127,0.0062395895238095229
