0,2.18523380952381
8,2.1371914285714291
16,2.0834257142857151
24,2.0183271428571423
32,1.9502171428571433
40,1.8564471428571434
48,1.7427328571428573
56,1.6039138095238101
64,1.4534285714285713
72,1.2761561904761904
80,1.089911904761905
88,0.87978052380952387
92,0.7595698095238097
96,0.60819690476190458
100,0.40946228571428572
104,0.23529609523809517
108,0.1176215238095238
112,0.058102657142857152
116,0.041903376190476196
120,0.040413423809523806
124,0.040318319047619046
127,0.040350019047619048
