0,2.2535333333333334
8,2.2085014285714286
16,2.1579714285714289
24,2.0966290476190474
32,2.0368395238095238
40,1.951296190476191
48,1.8480285714285718
56,1.7195119047619043
64,1.6061171428571428
72,1.408809523809524
80,1.2195380952380948
88,1.0144947619047622
92,0.90458671428571402
96,0.78806904761904761
100,0.65750790476190468
104,0.48105933333333345
108,0.27522385714285713
112,0.12702090476190472
116,0.05532880952380953
120,0.037877342857142851
124,0.036625147619047616
127,0.036593442857142854
