0,2.1852657142857148
8,2.1370171428571432
16,2.0831557142857147
24,2.0180419047619047
32,1.9502176190476193
40,1.8562876190476196
48,1.742289047619048
56,1.6038033333333337
64,1.4535709523809521
72,1.2759819047619043
80,1.0897838095238097
88,0.87982814285714306
92,0.76004528571428565
96,0.60849795238095228
100,0.40958914285714293
104,0.23529609523809517
108,0.11747890476190477
112,0.057849057142857152
116,0.042061880952380962
120,0.040365871428571426
124,0.040318319047619046
127,0.040318314285714286
