0,2.1868499999999989
8,2.1384904761904755
16,2.0852323809523807
24,2.0206566666666661
32,1.9543547619047614
40,1.8621514285714285
48,1.7515623809523808
56,1.6161028571428571
64,1.4755885714285712
72,1.2917847619047622
80,1.1088371428571426
88,0.90325519047619041
92,0.78978095238095236
96,0.65719099999999997
100,0.47991814285714279
104,0.29039266666666674
108,0.1500519047619048
112,0.066772923809523821
116,0.034929123809523809
120,0.030411704761904763
124,0.030300752380952381
127,0.030221500000000002
