0,2.1868028571428564
8,2.1383800000000002
16,2.0852009523809518
24,2.0207680952380946
32,1.9541485714285711
40,1.8618823809523808
48,1.7513090476190476
56,1.615912380952381
64,1.4746847619047618
72,1.2910557142857146
80,1.108789523809524
88,0.9028748095238095
92,0.78921028571428575
96,0.65662042857142866
100,0.47920485714285715
104,0.29036104761904757
108,0.14995690476190479
112,0.066709519047619056
116,0.034802319047619046
120,0.030506809523809523
124,0.03020565238095238
127,0.030300747619047622
