0,2.2862166666666663
8,2.2408542857142857
16,2.1931442857142862
24,2.1347014285714287
32,2.0772104761904751
40,1.9953290476190473
48,1.8978942857142858
56,1.7742776190476197
64,1.6723404761904763
72,1.4712771428571425
80,1.2718295238095236
88,1.0600647619047616
92,0.94735147619047633
96,0.82412914285714278
100,0.69299733333333369
104,0.52269871428571424
108,0.30497523809523813
112,0.14049409523809522
116,0.05848306666666666
120,0.038574761904761896
124,0.037243319047619038
127,0.037100671428571416
