0,2.1744714285714291
8,2.1240190476190475
16,2.0674633333333334
24,1.9987990476190478
32,1.9256957142857141
40,1.8242838095238094
48,1.702282380952381
56,1.5551266666666668
64,1.3900428571428571
72,1.2223109523809523
80,1.0425185714285714
88,0.84402166666666645
92,0.73230666666666666
96,0.60193576190476183
100,0.42410828571428572
104,0.25344519047619041
108,0.12714776190476185
112,0.054235128571428572
116,0.027542761904761903
120,0.023754471428571428
124,0.023960528571428569
127,0.02402393809523809
