0,2.2317223809523812
8,2.1862485714285707
16,2.1362238095238095
24,2.0754538095238102
32,2.0147280952380959
40,1.9290247619047614
48,1.8268200000000003
56,1.6980823809523811
64,1.5766990476190477
72,1.3828933333333333
80,1.1974419047619047
88,0.99355590476190447
92,0.88382242857142845
96,0.76400800000000013
100,0.6287708571428573
104,0.44587114285714291
108,0.25270014285714282
112,0.11868347619047621
116,0.053236542857142855
120,0.037164066666666655
124,0.035959423809523806
127,0.036022819047619045
