0,2.2288057142857149
8,2.1836014285714285
16,2.1335133333333323
24,2.0741376190476188
32,2.0147600000000003
40,1.9309266666666669
48,1.8311157142857148
56,1.7057542857142856
64,1.5978276190476188
72,1.4014228571428569
80,1.2112485714285712
88,0.99631409523809533
92,0.87944771428571422
96,0.74782457142857151
100,0.571185761904762
104,0.34376157142857139
108,0.16751904761904762
112,0.057611295238095238
116,0.014244128571428569
120,0.007666140952380952
124,0.0073174271428571424
127,0.007364978571428568
