0,2.1869619047619042
8,2.1386495238095233
16,2.0853114285714285
24,2.0205771428571428
32,1.9542442857142854
40,1.8620890476190473
48,1.7514352380952378
56,1.615690476190476
64,1.4749861904761901
72,1.2915471428571432
80,1.1088061904761906
88,0.90322347619047605
92,0.78935300000000008
96,0.65630338095238117
100,0.47755647619047631
104,0.2888235714285714
108,0.14897390476190478
112,0.066281542857142856
116,0.034881566666666676
120,0.030411704761904763
124,0.030269052380952382
127,0.030427547619047618
