0,2.256245238095238
8,2.2111176190476196
16,2.1607604761904762
24,2.1002900000000002
32,2.0400114285714293
40,1.9541009523809523
48,1.8513571428571427
56,1.7214771428571429
64,1.5998723809523807
72,1.4013276190476189
80,1.2115333333333334
88,1.0038747619047619
92,0.89239761904761916
96,0.77353419047619065
100,0.63709247619047615
104,0.44883514285714293
108,0.23597780952380948
112,0.089344152380952363
116,0.02029904285714286
120,0.0059701290476190461
124,0.0048922904761904773
127,0.0047971876190476192
