0,2.1756438095238098
8,2.125539523809524
16,2.0690657142857143
24,2.0014619047619053
32,1.9289133333333328
40,1.830687142857143
48,1.710556190476191
56,1.5669199999999994
64,1.406114761904762
72,1.2358785714285718
80,1.0552619047619047
88,0.85728852380952381
92,0.74609685714285712
96,0.61718414285714296
100,0.44105252380952387
104,0.26685466666666668
108,0.13534252380952377
112,0.059117095238095239
116,0.02968257142857143
120,0.025165171428571425
124,0.024895714285714292
127,0.024895709523809526
