0,2.1869461904761898
8,2.138459047619047
16,2.0853119047619049
24,2.0207204761904753
32,1.9542276190476184
40,1.8619299999999996
48,1.751277142857143
56,1.6161657142857142
64,1.4755090476190471
72,1.291485238095238
80,1.1090271428571428
88,0.90357214285714293
92,0.79027228571428576
96,0.65760295238095223
100,0.48048890476190498
104,0.29113776190476193
108,0.15060657142857148
112,0.066868033333333354
116,0.034960823809523818
120,0.03045925238095238
124,0.030348300000000002
127,0.030300747619047615
