0,2.167691111111111
8,2.1175088888888891
16,2.0755455555555553
24,1.9995655555555554
32,1.9430388888888888
40,1.8408500000000001
48,1.7497888888888888
56,1.5949588888888888
64,1.4733922222222222
72,1.2709599999999999
80,1.0967877777777779
88,0.87979188888888882
92,0.76864300000000008
96,0.65768099999999985
100,0.53159833333333328
104,0.35343166666666664
108,0.13535366666666671
112,0.014684711111111109
116,-0.064765811111111099
120,-0.07835602222222221
124,-0.067976677777777772
127,-0.0030871166666666672
