0,2.1819599999999997
8,2.1365336363636365
16,2.0875045454545456
24,2.028242727272727
32,1.9650099999999997
40,1.8745600000000002
48,1.7702990909090912
56,1.6339963636363635
64,1.5025836363636365
72,1.3073863636363636
80,1.1193645454545453
88,0.91078718181818175
92,0.80020536363636363
96,0.68702718181818179
100,0.55906390909090919
104,0.38851754545454542
108,0.18223063636363637
112,0.034961424545454541
116,-0.040857345454545453
120,-0.062882054545454535
124,-0.061965618181818179
127,-0.063004236363636376
