0,2.1746881818181816
8,2.1330527272727271
16,2.0854581818181819
24,2.0210345454545457
32,1.9594190909090907
40,1.873611818181818
48,1.7654118181818179
56,1.6330509090909089
64,1.4942436363636362
72,1.2970290909090909
80,1.1153636363636361
88,0.90345581818181808
92,0.79302672727272716
96,0.67636600000000013
100,0.54409563636363634
104,0.37031118181818184
108,0.16707909090909093
112,0.022070391818181819
116,-0.044278663636363638
120,-0.064134481818181807
124,-0.061843436363636366
127,-0.064439963636363631
