0,2.2469561904761912
8,2.2006876190476197
16,2.1492695238095245
24,2.0872295238095231
32,2.0241599999999993
40,1.9345095238095233
48,1.8276290476190487
56,1.6919638095238094
64,1.5612604761904758
72,1.3669014285714287
80,1.1816233333333332
88,0.9750108571428574
92,0.86427866666666675
96,0.74376680952380936
100,0.599605761904762
104,0.39888990476190472
108,0.21424666666666667
112,0.09757059999999998
116,0.047926595238095247
120,0.038019990476190479
124,0.037385966666666659
127,0.037512771428571422
