0,2.1290190909090914
8,2.0802954545454546
16,2.0308109090909094
24,1.9652845454545451
32,1.8957272727272729
40,1.7981290909090908
48,1.6810699999999998
56,1.5411945454545455
64,1.3900154545454546
72,1.2098772727272726
80,1.0301353636363637
88,0.83802309090909088
92,0.73214572727272731
96,0.6170124545454545
100,0.48098463636363636
104,0.29580599999999996
108,0.12758133636363636
112,0.011837012727272727
116,-0.045256163636363637
120,-0.062118345454545462
124,-0.06004111818181819
127,-0.064837072727272724
