0,2.2240990476190481
8,2.1768019047619043
16,2.1234471428571426
24,2.0591271428571423
32,1.993885238095239
40,1.9008909523809518
48,1.7874466666666664
56,1.6475819047619049
64,1.5031999999999999
72,1.3176052380952383
80,1.1367347619047621
88,0.93682685714285707
92,0.83108757142857126
96,0.71916671428571444
100,0.58833614285714286
104,0.40966828571428576
108,0.22599190476190478
112,0.097729099999999972
116,0.032012619047619061
120,0.015226861904761909
124,0.013863704761904759
127,0.013990514285714285
