0,2.0947145454545453
8,2.0442809090909084
16,1.9907000000000001
24,1.921326363636364
32,1.8481354545454549
40,1.7470545454545456
48,1.6205872727272725
56,1.4764336363636361
64,1.3190545454545455
72,1.1517145454545454
80,0.96898000000000006
88,0.77332372727272725
92,0.66307781818181832
96,0.54818909090909085
100,0.39704018181818185
104,0.22105645454545453
108,0.079530118181818182
112,-0.012142744818181818
116,-0.054970245454545451
120,-0.05927745454545455
124,-0.061812872727272733
127,-0.061965600000000003
