0,2.2367961904761908
8,2.1927633333333336
16,2.1433099999999996
24,2.0842176190476187
32,2.0267119047619047
40,1.9441947619047617
48,1.8460480952380955
56,1.7235847619047617
64,1.6173552380952378
72,1.4192390476190475
80,1.2236433333333334
88,1.0108647619047619
92,0.89358633333333326
96,0.76358000000000015
100,0.59160123809523824
104,0.36206904761904762
108,0.1776951428571428
112,0.061922657142857156
116,0.015163461904761911
120,0.0076344390476190457
124,0.0073649785714285723
127,0.0073332780952380921
