0,2.4964722222222218
8,2.4582677777777779
16,2.4377544444444448
24,2.3801911111111114
32,2.3428822222222214
40,2.2810433333333333
48,2.2162355555555555
56,2.1376755555555556
64,2.1608622222222222
72,2.0485988888888884
80,1.9358866666666665
88,1.7486677777777779
92,-0.091464833333333329
96,1.5455422222222222
100,1.3910600000000002
104,1.2117555555555557
108,1.0229366666666666
112,0.82542388888888896
116,0.60423811111111114
120,0.36168388888888886
124,-0.054340377777777775
127,-0.090015566666666658
