0,2.1760566666666663
8,2.1267919047619053
16,2.070697619047619
24,2.0036652380952384
32,1.9331461904761904
40,1.8359190476190475
48,1.7181961904761907
56,1.5763028571428574
64,1.4184466666666664
72,1.244485238095238
80,1.0642814285714288
88,0.86312152380952389
92,0.74939366666666662
96,0.61613804761904767
100,0.43555228571428567
104,0.26171914285714287
108,0.13176028571428575
112,0.056929714285714285
116,0.029524071428571434
120,0.025593147619047622
124,0.025466333333333337
127,0.02551389047619048
