0,2.0997366666666668
8,2.0418311111111107
16,1.9857166666666666
24,1.9190722222222223
32,1.8568333333333333
40,1.7541566666666666
48,1.618368888888889
56,1.4756322222222225
64,1.3097866666666667
72,1.1442400000000001
80,0.98059799999999997
88,0.77319833333333321
92,0.67933633333333321
96,0.5501166666666667
100,0.40122188888888888
104,0.21144400000000005
108,0.058628900000000012
112,-0.023248422222222218
116,-0.062824344444444458
120,-0.077497288888888891
124,-0.067080611111111119
127,-0.070963544444444443
