0,2.2405052380952375
8,2.1931271428571431
16,2.1413447619047608
24,2.0776733333333333
32,2.0141733333333334
40,1.922541904761905
48,1.8135066666666668
56,1.6773666666666669
64,1.5441404761904765
72,1.3506052380952378
80,1.1656457142857142
88,0.95912847619047581
92,0.84769890476190479
96,0.72899400000000025
100,0.58048995238095225
104,0.37739652380952382
108,0.20120157142857148
112,0.091388880952380958
116,0.046357400000000007
120,0.037924890476190472
124,0.03741767619047618
127,0.037449366666666664
