0,2.2159209523809515
8,2.1711423809523809
16,2.1221171428571428
24,2.0629942857142858
32,2.004108571428572
40,1.9212576190476183
48,1.8215257142857137
56,1.6972742857142855
64,1.5825790476190478
72,1.3852876190476191
80,1.1914033333333331
88,0.97466214285714314
92,0.85546566666666668
96,0.71694766666666665
100,0.52463252380952374
104,0.30690914285714294
108,0.14513819047619048
112,0.04803755714285713
116,0.012563966666666673
120,0.0077770947619047607
124,0.0076819909523809515
127,0.0076819914285714257
