0,2.1025766666666663
8,2.0607211111111114
16,1.998482222222222
24,1.9302322222222221
32,1.8577655555555554
40,1.7567700000000002
48,1.6428222222222222
56,1.505986666666667
64,1.3488388888888889
72,1.1671288888888889
80,0.98776700000000006
88,0.79559933333333333
92,0.69378499999999999
96,0.56702966666666654
100,0.41738844444444445
104,0.23657133333333333
108,0.078342177777777786
112,-0.013765144444444443
116,-0.066072555555555551
120,-0.080484144444444447
124,-0.070478177777777762
127,-0.079961455555555547
