0,2.2252257142857141
8,2.1795109523809528
16,2.127188571428571
24,2.0638190476190479
32,1.9997033333333338
40,1.9099400000000002
48,1.8004604761904761
56,1.6654142857142855
64,1.5271800000000002
72,1.3362447619047619
80,1.1517919047619043
88,0.94789052380952388
92,0.8364450476190477
96,0.71342866666666671
100,0.56238885714285713
104,0.36213247619047617
108,0.19652566666666665
112,0.090786552380952387
116,0.046595157142857148
120,0.038130942857142858
124,0.0376237238095238
127,0.037687133333333331
