0,2.2728885714285716
8,2.2287890476190477
16,2.1804152380952386
24,2.1209438095238093
32,2.0646595238095231
40,1.9820609523809525
48,1.8830423809523802
56,1.7581414285714281
64,1.6551266666666666
72,1.4557595238095242
80,1.2584500000000001
88,1.049000952380952
92,0.93658914285714279
96,0.81975438095238096
100,0.68832147619047612
104,0.52098700000000009
108,0.30370728571428562
112,0.14103285714285713
116,0.058403814285714277
120,0.038083400000000003
124,0.036514195238095237
127,0.036577595238095229
