0,2.1326666666666667
8,2.0807699999999998
16,2.0276800000000001
24,1.959017777777778
32,1.8934966666666666
40,1.7989255555555554
48,1.6897155555555556
56,1.5398133333333335
64,1.3931588888888886
72,1.2103266666666666
80,1.0314488888888889
88,0.82927622222222219
92,0.72507244444444452
96,0.60977933333333334
100,0.46155633333333335
104,0.28189700000000006
108,0.10369300000000001
112,-0.015295900000000001
116,-0.069880811111111107
120,-0.063571044444444447
124,-0.080222799999999983
127,-0.07764663333333334
