0,2.1853133333333337
8,2.1370966666666669
16,2.0834419047619051
24,2.0180257142857139
32,1.9501857142857144
40,1.855906666666667
48,1.7421300000000004
56,1.6040571428571433
64,1.4536814285714286
72,1.2767261904761904
80,1.0897695238095242
88,0.87946352380952375
92,0.75976009523809529
96,0.6068971428571428
100,0.40770295238095228
104,0.2347097142857143
108,0.11763738095238097
112,0.059592614285714281
116,0.044170009523809506
120,0.042632495238095244
124,0.042632495238095244
127,0.042569104761904772
