0,2.199990952380952
8,2.1519957142857145
16,2.0977704761904756
24,2.0316885714285715
32,1.9641185714285707
40,1.8692685714285713
48,1.7537023809523811
56,1.613488095238095
64,1.4625280952380955
72,1.281577142857143
80,1.1020695238095237
88,0.90195552380952382
92,0.79198423809523821
96,0.66841328571428582
100,0.50691161904761883
104,0.31458071428571432
108,0.16835923809523809
112,0.078438942857142896
116,0.044122466666666652
120,0.037877338095238092
124,0.037512766666666662
127,0.037687128571428564
