0,2.1747400000000008
8,2.1249842857142855
16,2.0681780952380961
24,2.0004947619047613
32,1.9270104761904767
40,1.8281033333333336
48,1.705500476190476
56,1.5599452380952379
64,1.396635714285714
72,1.2269714285714286
80,1.0461157142857143
88,0.84630409523809547
92,0.73281400000000008
96,0.59932047619047635
100,0.41824347619047619
104,0.24815099999999995
108,0.12232919047619047
112,0.050272485714285713
116,0.023294800000000001
120,0.019078557142857139
124,0.019078557142857139
127,0.019189504761904758
