0,2.4618944444444448
8,2.4204522222222224
16,2.3799433333333337
24,2.3359244444444447
32,2.3062400000000003
40,2.2434811111111106
48,2.1792999999999996
56,2.100818888888889
64,2.1232577777777779
72,2.0330922222222219
80,1.9096966666666668
88,1.7356411111111114
92,1.6032077777777776
96,1.5328688888888888
100,1.3643366666666665
104,1.1762366666666668
108,0.98601222222222218
112,0.78454811111111111
116,0.57569199999999998
120,0.34406100000000001
124,-0.0078287555555555562
127,-0.074734444444444423
