0,2.2151438095238083
8,2.1689871428571421
16,2.1162519047619051
24,2.0534052380952383
32,1.9893523809523814
40,1.8995433333333334
48,1.7903642857142859
56,1.6558242857142853
64,1.5156419047619052
72,1.3253242857142855
80,1.1417261904761904
88,0.93898247619047637
92,0.82896352380952365
96,0.70694600000000007
100,0.5580773333333332
104,0.35496814285714295
108,0.17813900000000005
112,0.063048047619047615
116,0.015036661904761908
120,0.006287141428571427
124,0.0058433247619047602
127,0.0059542785714285706
