0,2.2101185714285703
8,2.1623457142857139
16,2.1094676190476185
24,2.0455276190476188
32,1.980539523809524
40,1.8895895238095237
48,1.7791738095238097
56,1.644284761904762
64,1.5052280952380956
72,1.3203309523809525
80,1.1370666666666667
88,0.9341479047619049
92,0.82517542857142867
96,0.70537671428571413
100,0.55793471428571417
104,0.3562360476190477
108,0.18061180952380951
112,0.065964547619047603
116,0.016621719047619048
120,0.0070004157142857133
124,0.0064931980952380956
127,0.0065407504761904756
