0,2.239395714285715
8,2.1929057142857151
16,2.1415980952380949
24,2.0782738095238096
32,2.0143161904761904
40,1.9240480952380952
48,1.8152804761904764
56,1.679236190476191
64,1.5375157142857143
72,1.3472138095238093
80,1.1641561904761906
88,0.96272666666666629
92,0.85538647619047636
96,0.74286328571428584
100,0.61402971428571418
104,0.44243152380952389
108,0.24873757142857147
112,0.10953771428571429
116,0.035499747619047624
120,0.015448771428571432
124,0.01384785238095238
127,0.013768599999999999
