0,2.1853933333333337
8,2.1367323809523806
16,2.0829342857142867
24,2.0173128571428571
32,1.9492033333333327
40,1.8550342857142856
48,1.7412585714285713
56,1.6024861904761902
64,1.4517161904761904
72,1.2753957142857142
80,1.0886761904761906
88,0.87940014285714274
92,0.75949057142857168
96,0.61120842857142843
100,0.41179228571428556
104,0.23770538095238097
108,0.1185092380952381
112,0.058372114285714274
116,0.041839976190476191
120,0.040270766666666659
124,0.040223214285714279
127,0.040096409523809516
