0,2.1853614285714293
8,2.1366690476190473
16,2.082870476190477
24,2.0178038095238091
32,1.9499961904761904
40,1.8557004761904767
48,1.742289047619048
56,1.6033119047619051
64,1.452762857142857
72,1.275428095238095
80,1.0895319047619048
88,0.87997080952380979
92,0.76025128571428569
96,0.61041590476190499
100,0.41185571428571421
104,0.23729328571428571
108,0.11868347619047619
112,0.058467223809523787
116,0.041982623809523813
120,0.040286619047619043
124,0.040270766666666659
127,0.040175661904761906
