0,2.2251133333333328
8,2.1799080952380945
16,2.1305638095238089
24,2.0709838095238098
32,2.0121123809523813
40,1.9281366666666664
48,1.8279300000000003
56,1.7024885714285714
64,1.588649523809524
72,1.3915000000000002
80,1.2011504761904757
88,0.98726333333333305
92,0.86981057142857121
96,0.73739480952380954
100,0.55636533333333327
104,0.32940104761904759
108,0.1578344285714286
112,0.053252385714285713
116,0.013499142857142857
120,0.0077612442857142843
124,0.0076661404761904743
127,0.0076344390476190457
