0,2.2408528571428579
8,2.1957423809523808
16,2.1460047619047615
24,2.0856604761904771
32,2.0259976190476201
40,1.9409285714285716
48,1.8381214285714289
56,1.7086380952380953
64,1.5859395238095242
72,1.3866666666666663
80,1.1987099999999999
88,0.99036990476190501
92,0.87865523809523816
96,0.76137666666666681
100,0.62162219047619061
104,0.42634323809523811
108,0.22458119047619055
112,0.086728799999999981
116,0.02156709047619047
120,0.0071272200000000001
124,0.0064614976190476188
127,0.0065883019047619047
