0,2.1752323809523819
8,2.1247633333333331
16,2.0676223809523813
24,1.9987042857142863
32,1.9237785714285713
40,1.8225576190476194
48,1.6990009523809522
56,1.5509723809523812
64,1.385652857142857
72,1.2186338095238096
80,1.0404576190476196
88,0.84370461904761929
92,0.73395533333333318
96,0.6060887142857142
100,0.43273099999999998
104,0.26159228571428572
108,0.13320276190476191
112,0.05813435714285714
116,0.029064409523809519
120,0.024467752380952383
124,0.02419829047619047
127,0.024356795238095235
