0,2.1894499999999995
8,2.1399647619047619
16,2.0845038095238091
24,2.0179623809523806
32,1.9471580952380947
40,1.8500261904761903
48,1.730242857142857
56,1.5863504761904768
64,1.4319823809523808
72,1.2556452380952381
80,1.077485238095238
88,0.88052561904761917
92,0.77448528571428576
96,0.65798352380952396
100,0.5148368571428571
104,0.33154080952380954
108,0.17544442857142858
112,0.072732752380952378
116,0.025133466666666666
120,0.014656242857142857
124,0.013863709523809522
127,0.013927114285714283
