0,2.2809871428571422
8,2.2378742857142853
16,2.1909247619047623
24,2.1338771428571435
32,2.0793838095238093
40,1.9998933333333337
48,1.9052171428571432
56,1.7865914285714286
64,1.6932166666666666
72,1.4975728571428575
80,1.2877114285714286
88,1.0706219047619048
92,0.95185299999999984
96,0.82403409523809523
100,0.67218547619047631
104,0.44447633333333336
108,0.2226157619047619
112,0.078534057142857175
116,0.016542457142857143
120,0.0056689676190476192
124,0.005256853333333332
127,0.0053678066666666665
