0,2.0915244444444445
8,2.0296955555555556
16,1.9730566666666667
24,1.9111544444444444
32,1.8259933333333334
40,1.7317955555555555
48,1.6107522222222221
56,1.4635744444444443
64,1.3069133333333331
72,1.1349811111111112
80,0.9493853333333333
88,0.75397011111111112
92,0.64547222222222211
96,0.52607277777777783
100,0.36470733333333333
104,0.18848300000000001
108,0.043507899999999995
112,-0.015893299999999999
116,-0.068835399999999991
120,-0.076526566666666671
124,-0.066931288888888898
127,-0.067416644444444451
