0,2.2126233333333336
8,2.1652304761904766
16,2.1123361904761904
24,2.0475880952380958
32,1.9817280952380949
40,1.8898266666666663
48,1.7778271428571428
56,1.6402423809523814
64,1.4974614285714287
72,1.3115190476190475
80,1.1300609523809526
88,0.92888576190476202
92,0.81821685714285741
96,0.6957553333333335
100,0.5408319047619049
104,0.34536276190476184
108,0.18576319047619047
112,0.086094780952380948
116,0.045802628571428569
120,0.038146800000000002
124,0.037592028571428564
127,0.037592023809523804
