0,2.1852652380952384
8,2.136795238095238
16,2.0833628571428582
24,2.0182157142857138
32,1.9498214285714282
40,1.8565733333333332
48,1.7430971428571433
56,1.6037228571428574
64,1.4536023809523808
72,1.2762342857142857
80,1.0898480952380953
88,0.87976466666666675
92,0.7603939047619046
96,0.60883090476190482
100,0.41008052380952381
104,0.23550219047619045
108,0.11762147619047622
112,0.058197766666666664
116,0.043710347619047615
120,0.042664200000000006
124,0.04258495238095239
127,0.042584942857142864
