0,2.1848371428571434
8,2.1368742857142862
16,2.0837576190476192
24,2.0180890476190472
32,1.9502809523809528
40,1.8560976190476195
48,1.7428599999999999
56,1.6040409523809527
64,1.4538871428571429
72,1.2756957142857144
80,1.0901661904761906
88,0.88039880952380944
92,0.76044152380952368
96,0.60933799999999994
100,0.41115814285714286
104,0.23619971428571432
108,0.1180337142857143
112,0.058625733333333319
116,0.041903376190476196
120,0.04036586666666666
124,0.040381723809523797
127,0.040254919047619041
