0,2.1633599999999995
8,2.1149842857142862
16,2.0611404761904764
24,1.9958190476190472
32,1.926662857142857
40,1.8315438095238097
48,1.7152166666666668
56,1.5757314285714288
64,1.4226790476190478
72,1.2465947619047621
80,1.0633133333333331
88,0.86118790476190465
92,0.74988504761904773
96,0.61929219047619044
100,0.44739276190476185
104,0.25740780952380948
108,0.11508542857142859
112,0.03093478571428572
116,-0.00068711204761904773
120,-0.0055690900000000005
124,-0.0059019514285714291
127,-0.0059653533333333328
