0,2.1850266666666673
8,2.1366371428571429
16,2.0835523809523813
24,2.0179471428571425
32,1.9498061904761896
40,1.8554795238095241
48,1.7423523809523811
56,1.6034857142857144
64,1.4531261904761905
72,1.2762352380952382
80,1.0893728571428571
88,0.8796219999999999
92,0.76023542857142856
96,0.60916366666666655
100,0.41076195238095231
104,0.23564485714285713
108,0.11787523809523812
112,0.058324566666666661
116,0.041855823809523809
120,0.04028661904761905
124,0.040381719047619044
127,0.040397576190476181
