0,2.2659452380952376
8,2.2206757142857145
16,2.171793333333333
24,2.1115604761904767
32,2.0527071428571428
40,1.9678438095238102
48,1.8665895238095238
56,1.7378666666666669
64,1.620937619047619
72,1.4185095238095238
80,1.227716666666667
88,1.0163480952380952
92,0.90339785714285714
96,0.78604023809523815
100,0.64953509523809549
104,0.4610401428571429
108,0.24273009523809519
112,0.092862971428571431
116,0.021202528571428569
120,0.0056055657142857129
124,0.0048605899999999997
127,0.005050796190476191
