0,6.2640639999999997e-06
0.10000000000000001,6.2546549999999998e-06
0.20000000000000001,6.2418629999999999e-06
0.29999999999999999,6.2261859999999998e-06
0.40000000000000002,6.2071339999999999e-06
0.5,6.1839150000000004e-06
0.59999999999999998,6.1555380000000004e-06
0.69999999999999996,6.1205369999999996e-06
0.80000000000000004,6.0742710000000003e-06
0.90000000000000002,6.0133910000000003e-06
1,5.9268770000000004e-06
1.1000000000000001,5.792383e-06
1.2,5.5543640000000004e-06
1.3,4.9171160000000003e-06
1.3999999999999999,3.15723e-06
1.5,1.6426510000000001e-06
1.6000000000000001,6.5352819999999998e-07
1.7,1.7022290000000001e-07
1.8,2.3116700000000001e-08
1.8999999999999999,1.778164e-09
2,1.2350850000000001e-10
2.1000000000000001,1.6956109999999999e-11
2.2000000000000002,4.1420249999999998e-12
2.2999999999999998,2.204276e-13
2.3999999999999999,1.0701239999999999e-11
2.5,2.2706829999999999e-12
