0,9.5867680000000001e-14
0.10000000000000001,8.7478829999999998e-12
0.20000000000000001,1.21796e-10
0.22,2.0824249999999999e-10
0.23999999999999999,3.4722420000000001e-10
0.26000000000000001,6.0545940000000001e-10
0.28000000000000003,1.007769e-09
0.29999999999999999,1.762217e-09
0.32000000000000001,3.0242110000000002e-09
0.34000000000000002,5.1526560000000002e-09
0.35999999999999999,8.7670470000000001e-09
0.38,1.448247e-08
0.40000000000000002,2.4942879999999999e-08
0.41999999999999998,4.079821e-08
0.44,6.5424869999999997e-08
0.46000000000000002,1.0206179999999999e-07
0.47999999999999998,1.536933e-07
0.5,2.2251490000000001e-07
0.52000000000000002,3.0905230000000001e-07
0.54000000000000004,4.1627719999999997e-07
0.56000000000000005,5.3848579999999996e-07
0.57999999999999996,6.8261380000000002e-07
0.59999999999999998,8.3612659999999996e-07
0.62,1.0218779999999999e-06
0.64000000000000001,1.216013e-06
0.66000000000000003,1.4251159999999999e-06
0.68000000000000005,1.6481890000000001e-06
0.69999999999999996,1.8872469999999999e-06
0.71999999999999997,2.141993e-06
0.73999999999999999,2.404521e-06
0.76000000000000001,2.6801340000000001e-06
0.78000000000000003,2.971858e-06
0.80000000000000004,3.2672880000000001e-06
0.81999999999999995,3.5788029999999998e-06
0.83999999999999997,3.8825109999999998e-06
0.85999999999999999,4.2327500000000003e-06
0.88,4.5798029999999996e-06
0.90000000000000002,4.937547e-06
0.92000000000000004,5.3020820000000004e-06
0.93999999999999995,5.6679030000000003e-06
0.95999999999999996,6.0485349999999997e-06
0.97999999999999998,6.4447359999999996e-06
1,6.8522890000000004e-06
1.02,7.2648089999999999e-06
1.04,7.6909029999999994e-06
1.0600000000000001,8.122211e-06
1.0800000000000001,8.5634210000000008e-06
1.1000000000000001,8.9994959999999999e-06
1.1200000000000001,9.3246789999999999e-06
1.1399999999999999,9.4338620000000006e-06
1.1599999999999999,9.4731170000000007e-06
1.1799999999999999,9.4965139999999996e-06
1.2,9.5112320000000006e-06
1.22,9.5224009999999999e-06
1.24,9.5313270000000002e-06
1.26,9.5397559999999993e-06
1.28,9.5442859999999994e-06
1.3,9.5479950000000004e-06
1.3200000000000001,9.5534150000000001e-06
1.3400000000000001,9.5559990000000003e-06
1.3600000000000001,9.5581249999999992e-06
1.3799999999999999,9.5627019999999996e-06
1.3999999999999999,9.5641560000000003e-06
1.4199999999999999,9.5664239999999994e-06
1.4399999999999999,9.5656500000000005e-06
1.46,9.5676759999999992e-06
1.48,9.5705439999999996e-06
1.5,9.5713079999999995e-06
1.52,9.5739919999999999e-06
1.54,9.5740920000000002e-06
1.5600000000000001,9.5761949999999995e-06
1.5800000000000001,9.5771580000000005e-06
1.6000000000000001,9.5774599999999999e-06
1.7,9.5806919999999994e-06
1.8,9.5839669999999998e-06
1.8999999999999999,9.5853100000000002e-06
2,9.5903330000000006e-06
2.1000000000000001,9.5920179999999999e-06
2.2000000000000002,9.5924249999999999e-06
2.2999999999999998,9.5927659999999994e-06
2.3999999999999999,9.5936930000000002e-06
2.5,9.5933849999999993e-06
