0,3.787648e-12
0.10000000000000001,3.0898720000000002e-11
0.20000000000000001,3.964026e-10
0.29999999999999999,6.1751989999999996e-09
0.40000000000000002,5.8067030000000003e-08
0.5,2.3276060000000001e-07
0.59999999999999998,5.727215e-07
0.69999999999999996,1.115863e-06
0.80000000000000004,1.896915e-06
0.90000000000000002,2.9227119999999999e-06
1,4.2119560000000001e-06
1.1000000000000001,5.7647699999999999e-06
1.2,6.9835930000000004e-06
1.3,7.0041060000000002e-06
1.3999999999999999,7.0089480000000004e-06
1.5,7.0111249999999997e-06
1.6000000000000001,7.012793e-06
1.7,7.013182e-06
1.8,7.0136430000000002e-06
1.8999999999999999,7.0147409999999996e-06
2,7.0150940000000002e-06
2.1000000000000001,7.0151540000000002e-06
2.2000000000000002,7.0147239999999998e-06
2.2999999999999998,7.0150770000000004e-06
2.3999999999999999,7.0152610000000004e-06
2.5,7.0148890000000003e-06
