0,5.8679619999999998e-11
0.10000000000000001,6.8423440000000003e-11
0.20000000000000001,2.1979110000000001e-10
0.22,3.307746e-10
0.23999999999999999,5.2216300000000001e-10
0.26000000000000001,8.5229589999999998e-10
0.28000000000000003,1.417981e-09
0.29999999999999999,2.3525590000000001e-09
0.32000000000000001,3.9589640000000002e-09
0.34000000000000002,6.6875720000000001e-09
0.35999999999999999,1.122746e-08
0.38,1.8827409999999999e-08
0.40000000000000002,3.1401229999999998e-08
0.41999999999999998,5.0700669999999999e-08
0.44,8.0040539999999994e-08
0.46000000000000002,1.188216e-07
0.47999999999999998,1.77672e-07
0.5,2.5055259999999999e-07
0.52000000000000002,3.3603319999999999e-07
0.54000000000000004,4.4813399999999998e-07
0.56000000000000005,5.664012e-07
0.57999999999999996,7.0574520000000003e-07
0.59999999999999998,8.5963519999999999e-07
0.62,1.026405e-06
0.64000000000000001,1.2064720000000001e-06
0.66000000000000003,1.3995760000000001e-06
0.68000000000000005,1.6057139999999999e-06
0.69999999999999996,1.8236279999999999e-06
0.71999999999999997,2.0549119999999999e-06
0.73999999999999999,2.301456e-06
0.76000000000000001,2.5537959999999999e-06
0.78000000000000003,2.8174820000000001e-06
0.80000000000000004,3.0955790000000001e-06
0.81999999999999995,3.380696e-06
0.83999999999999997,3.6775450000000001e-06
0.85999999999999999,3.9874799999999998e-06
0.88,4.308612e-06
0.90000000000000002,4.6225390000000002e-06
0.92000000000000004,4.9800770000000004e-06
0.93999999999999995,5.3169300000000003e-06
0.95999999999999996,5.6776740000000004e-06
0.97999999999999998,6.0492310000000003e-06
1,6.4067659999999997e-06
1.02,6.8165620000000003e-06
1.04,7.2187549999999996e-06
1.0600000000000001,7.6334039999999997e-06
1.0800000000000001,8.0513390000000003e-06
1.1000000000000001,8.4798119999999992e-06
1.1200000000000001,8.891095e-06
1.1399999999999999,9.3571110000000007e-06
1.1599999999999999,9.7803080000000004e-06
1.1799999999999999,1.024164e-05
1.2,1.05379e-05
1.22,1.062831e-05
1.24,1.0671959999999999e-05
1.26,1.069599e-05
1.28,1.071709e-05
1.3,1.0732760000000001e-05
1.3200000000000001,1.073953e-05
1.3400000000000001,1.0747729999999999e-05
1.3600000000000001,1.0753689999999999e-05
1.3799999999999999,1.076251e-05
1.3999999999999999,1.077177e-05
1.4199999999999999,1.077569e-05
1.4399999999999999,1.078055e-05
1.46,1.0783980000000001e-05
1.48,1.0786860000000001e-05
1.5,1.078874e-05
1.52,1.079056e-05
1.54,1.0795410000000001e-05
1.5600000000000001,1.0797490000000001e-05
1.5800000000000001,1.0800719999999999e-05
1.6000000000000001,1.080235e-05
1.7,1.081092e-05
1.8,1.081473e-05
1.8999999999999999,1.082071e-05
2,1.082403e-05
2.1000000000000001,1.082763e-05
2.2000000000000002,1.083117e-05
2.2999999999999998,1.0831e-05
2.3999999999999999,1.083535e-05
2.5,1.0834109999999999e-05
