0,7.6373649999999994e-08
0.10000000000000001,7.62258e-08
0.20000000000000001,7.5748910000000003e-08
0.29999999999999999,7.6092160000000002e-08
0.40000000000000002,7.4841180000000006e-08
0.5,7.4154679999999995e-08
0.59999999999999998,7.313554e-08
0.69999999999999996,7.2454769999999995e-08
0.80000000000000004,7.1425329999999999e-08
0.90000000000000002,7.0828610000000007e-08
1,6.8675480000000005e-08
1.1000000000000001,6.8083690000000003e-08
1.2,6.5166300000000006e-08
1.3,6.0724419999999997e-08
1.3999999999999999,5.4817139999999999e-08
1.5,4.6021079999999998e-08
1.6000000000000001,3.381678e-08
1.7,1.716382e-08
1.8,4.0847869999999998e-09
1.8999999999999999,3.9741279999999999e-10
2,2.792908e-11
2.1000000000000001,3.8553169999999997e-12
2.2000000000000002,2.3469610000000001e-12
2.2999999999999998,2.19235e-12
2.3999999999999999,2.1024590000000001e-12
2.5,2.200739e-12
