0,6.4374179999999996e-06
0.10000000000000001,6.4283669999999999e-06
0.20000000000000001,6.4157740000000002e-06
0.29999999999999999,6.4002829999999997e-06
0.40000000000000002,6.3811039999999999e-06
0.5,6.358333e-06
0.59999999999999998,6.3302300000000004e-06
0.69999999999999996,6.2942440000000002e-06
0.80000000000000004,6.2498849999999999e-06
0.90000000000000002,6.1893059999999999e-06
1,6.1023330000000003e-06
1.1000000000000001,5.971672e-06
1.2,5.7443960000000003e-06
1.3,5.1939889999999996e-06
1.3999999999999999,3.496725e-06
1.5,1.874076e-06
1.6000000000000001,7.8064960000000002e-07
1.7,2.1798560000000001e-07
1.8,3.2061780000000002e-08
1.8999999999999999,2.544588e-09
2,1.671399e-10
2.1000000000000001,1.8405730000000001e-11
2.2000000000000002,8.5043030000000005e-12
2.2999999999999998,7.8643659999999992e-12
2.3999999999999999,8.2781029999999997e-12
2.5,7.994999e-12
