0.20000000000000001,2.7904309999999999e-08
0.25,2.7912219999999999e-08
0.29999999999999999,2.8162749999999999e-08
0.34999999999999998,2.8009930000000002e-08
0.40000000000000002,2.8122920000000001e-08
0.45000000000000001,2.848909e-08
0.5,2.866192e-08
0.55000000000000004,2.8492830000000001e-08
0.59999999999999998,2.8109109999999999e-08
0.65000000000000002,2.893394e-08
0.69999999999999996,2.9081260000000001e-08
0.75,2.8569609999999998e-08
0.80000000000000004,2.8946970000000001e-08
0.84999999999999998,2.8789439999999999e-08
0.90000000000000002,2.9278910000000001e-08
0.94999999999999996,2.8774450000000001e-08
1,2.947619e-08
1.05,3.0159179999999997e-08
1.1000000000000001,2.99265e-08
1.1499999999999999,2.9656020000000001e-08
1.2,3.0072199999999997e-08
1.25,2.9893560000000002e-08
1.3,2.9767540000000001e-08
1.3500000000000001,2.9826889999999998e-08
1.3999999999999999,3.0146990000000002e-08
1.45,3.0126810000000001e-08
1.5,2.9964410000000001e-08
1.55,2.9829939999999997e-08
1.6000000000000001,2.9995579999999998e-08
1.6499999999999999,3.0298760000000002e-08
1.7,3.0755469999999997e-08
1.75,3.0448729999999997e-08
1.8,3.0699919999999998e-08
1.8500000000000001,3.0839330000000002e-08
1.8999999999999999,3.0531890000000003e-08
1.95,3.1128820000000003e-08
2,3.0710129999999997e-08
2.0499999999999998,3.1011820000000002e-08
2.1000000000000001,3.0334989999999997e-08
2.1499999999999999,3.073582e-08
2.2000000000000002,3.0196489999999999e-08
2.25,3.0324839999999997e-08
2.2999999999999998,3.0574460000000001e-08
2.3500000000000001,3.0856910000000001e-08
2.3999999999999999,3.0648269999999998e-08
2.4500000000000002,3.1161680000000002e-08
2.5,3.321443e-08
