0,9.6175959999999999e-06
0.10000000000000001,9.5928760000000003e-06
0.20000000000000001,9.5677130000000005e-06
0.29999999999999999,9.5371280000000005e-06
0.40000000000000002,9.5008709999999998e-06
0.5,9.4562079999999996e-06
0.59999999999999998,9.4015300000000001e-06
0.69999999999999996,9.3344520000000005e-06
0.80000000000000004,9.2431559999999995e-06
0.90000000000000002,9.1216329999999995e-06
1,8.9449630000000004e-06
1.1000000000000001,8.6547250000000004e-06
1.2,8.0600549999999995e-06
1.22,7.8420769999999994e-06
1.24,7.5684780000000003e-06
1.26,7.1758349999999999e-06
1.28,6.7334919999999998e-06
1.3,6.2616189999999998e-06
1.3200000000000001,5.7918369999999997e-06
1.3400000000000001,5.3667039999999999e-06
1.3600000000000001,4.9000709999999997e-06
1.3799999999999999,4.4702489999999999e-06
1.3999999999999999,4.0784639999999999e-06
1.4199999999999999,3.6831170000000002e-06
1.4399999999999999,3.2932149999999999e-06
1.46,2.9393049999999999e-06
1.48,2.6071259999999999e-06
1.5,2.2974970000000002e-06
1.52,2.0125650000000001e-06
1.54,1.739845e-06
1.5600000000000001,1.489651e-06
1.5800000000000001,1.2647139999999999e-06
1.6000000000000001,1.059854e-06
1.6200000000000001,8.7239650000000001e-07
1.6399999999999999,7.0848700000000004e-07
1.6599999999999999,5.6207900000000004e-07
1.6799999999999999,4.370982e-07
1.7,3.3147170000000002e-07
1.72,2.4694260000000002e-07
1.74,1.767097e-07
1.76,1.2484830000000001e-07
1.78,8.5300660000000001e-08
1.8,5.6618370000000003e-08
1.8200000000000001,3.6474280000000003e-08
1.8400000000000001,2.292408e-08
1.8600000000000001,1.4170270000000001e-08
1.8799999999999999,8.5599580000000001e-09
1.8999999999999999,5.1183319999999999e-09
1.9199999999999999,3.0220180000000001e-09
1.9399999999999999,1.7651489999999999e-09
1.96,1.04775e-09
1.98,6.1913339999999996e-10
2,3.6640679999999999e-10
2.02,2.221573e-10
2.04,1.3932939999999999e-10
2.0600000000000001,9.1172170000000006e-11
2.0800000000000001,6.2827989999999994e-11
2.1000000000000001,4.6531300000000001e-11
2.1200000000000001,3.6851500000000001e-11
2.1400000000000001,3.2015099999999998e-11
2.1600000000000001,2.877184e-11
2.1800000000000002,2.636365e-11
2.2000000000000002,2.5164630000000001e-11
2.2999999999999998,2.4014969999999999e-11
2.3999999999999999,2.3565480000000001e-11
2.5,2.3637189999999999e-11
