0.20000000000000001,4.9625379999999998e-08
0.25,4.9860349999999997e-08
0.29999999999999999,4.9983539999999998e-08
0.34999999999999998,5.0033109999999997e-08
0.40000000000000002,4.9809739999999997e-08
0.45000000000000001,4.970205e-08
0.5,4.9641770000000002e-08
0.55000000000000004,4.9534630000000001e-08
0.59999999999999998,4.9490560000000002e-08
0.65000000000000002,4.944042e-08
0.69999999999999996,4.9349810000000001e-08
0.75,4.9178920000000001e-08
0.80000000000000004,4.8954970000000001e-08
0.84999999999999998,4.8923790000000001e-08
0.90000000000000002,4.9061590000000001e-08
0.94999999999999996,4.8894339999999997e-08
1,4.887521e-08
1.05,4.8800199999999998e-08
1.1000000000000001,4.8659739999999997e-08
1.1499999999999999,4.8549070000000003e-08
1.2,4.7459799999999999e-08
1.25,4.8399259999999999e-08
1.3,4.8524840000000001e-08
1.3500000000000001,4.8392429999999999e-08
1.3999999999999999,4.8202999999999998e-08
1.45,4.8130179999999999e-08
1.5,4.7296029999999998e-08
1.55,4.799994e-08
1.6000000000000001,4.7737909999999998e-08
1.6499999999999999,4.6536150000000002e-08
1.7,4.6138280000000003e-08
1.75,4.6282919999999999e-08
1.8,4.625226e-08
1.8500000000000001,4.607533e-08
1.8999999999999999,4.5966569999999999e-08
1.95,4.6640159999999997e-08
2,4.641325e-08
2.0499999999999998,4.5552749999999997e-08
2.1000000000000001,4.6046500000000001e-08
2.1499999999999999,4.503714e-08
2.2000000000000002,4.5663209999999997e-08
2.25,4.4532430000000003e-08
2.2999999999999998,4.4171889999999998e-08
2.3500000000000001,4.4353989999999998e-08
2.3999999999999999,4.1992450000000001e-08
2.4500000000000002,1.136798e-08
2.5,5.1973430000000003e-08
