0,4.4587060000000001e-07
0.10000000000000001,4.465025e-07
0.20000000000000001,4.4324990000000001e-07
0.29999999999999999,4.426177e-07
0.40000000000000002,4.4141840000000001e-07
0.5,4.3984149999999999e-07
0.59999999999999998,4.3861549999999997e-07
0.69999999999999996,4.3649029999999999e-07
0.80000000000000004,4.358991e-07
0.90000000000000002,4.3286080000000002e-07
1,4.2857669999999998e-07
1.1000000000000001,4.2196520000000002e-07
1.2,4.148383e-07
1.3,4.0592420000000001e-07
1.3999999999999999,3.8851789999999999e-07
1.5,3.619369e-07
1.6000000000000001,3.1754820000000002e-07
1.7,2.3756150000000001e-07
1.8,1.2787919999999999e-07
1.8999999999999999,3.5944929999999999e-08
2,4.463192e-09
2.1000000000000001,3.3704070000000002e-10
2.2000000000000002,2.6340899999999999e-11
2.2999999999999998,3.8247800000000002e-12
2.3999999999999999,2.212737e-12
2.5,3.5919709999999999e-12
