0,6.9491189999999996e-12
0.10000000000000001,9.0365009999999996e-11
0.20000000000000001,1.0141260000000001e-09
0.29999999999999999,1.326501e-08
0.40000000000000002,8.9380360000000006e-08
0.5,2.928267e-07
0.59999999999999998,6.688095e-07
0.69999999999999996,1.264802e-06
0.80000000000000004,2.10889e-06
0.90000000000000002,3.1994499999999999e-06
1,4.5624830000000001e-06
1.1000000000000001,6.1761299999999996e-06
1.2,6.781032e-06
1.3,6.7885649999999998e-06
1.3999999999999999,6.7925919999999998e-06
1.5,6.7948240000000004e-06
1.6000000000000001,6.7955280000000003e-06
1.7,6.7961939999999997e-06
1.8,6.7961640000000001e-06
1.8999999999999999,6.7958220000000004e-06
2,6.7963550000000001e-06
2.1000000000000001,6.7975160000000002e-06
2.2000000000000002,6.7969729999999998e-06
2.2999999999999998,6.7974359999999996e-06
2.3999999999999999,6.7970530000000003e-06
2.5,6.7983709999999998e-06
