0,6.8853569999999999e-12
0.10000000000000001,5.3835239999999997e-11
0.20000000000000001,7.2283189999999996e-10
0.29999999999999999,9.2051589999999998e-09
0.40000000000000002,6.2269169999999995e-08
0.5,2.1083350000000001e-07
0.59999999999999998,5.0365300000000002e-07
0.69999999999999996,9.9168760000000009e-07
0.80000000000000004,1.7131149999999999e-06
0.90000000000000002,2.6816400000000001e-06
1,3.9163010000000003e-06
1.1000000000000001,5.41993e-06
1.2,6.8457249999999996e-06
1.3,6.8770999999999998e-06
1.3999999999999999,6.8831939999999998e-06
1.5,6.8862000000000002e-06
1.6000000000000001,6.8878369999999999e-06
1.7,6.8895260000000001e-06
1.8,6.8900309999999999e-06
1.8999999999999999,6.8911050000000003e-06
2,6.8909420000000003e-06
2.1000000000000001,6.8914569999999999e-06
2.2000000000000002,6.8927059999999998e-06
2.2999999999999998,6.892965e-06
2.3999999999999999,6.8929459999999997e-06
2.5,6.8931260000000004e-06
