0,7.4287760000000001e-06
0.10000000000000001,7.4276690000000003e-06
0.20000000000000001,7.415778e-06
0.29999999999999999,7.39772e-06
0.40000000000000002,7.3749530000000003e-06
0.5,7.345414e-06
0.59999999999999998,7.3082190000000001e-06
0.69999999999999996,7.2609460000000002e-06
0.80000000000000004,7.1989709999999999e-06
0.90000000000000002,7.1147010000000001e-06
1,6.9921280000000003e-06
1.1000000000000001,6.7979069999999997e-06
1.2,6.4280689999999997e-06
1.3,5.291875e-06
1.3999999999999999,3.3246049999999998e-06
1.5,1.7704659999999999e-06
1.6000000000000001,7.25842e-07
1.7,1.9602130000000001e-07
1.8,4.7849590000000003e-08
1.8999999999999999,2.9306590000000001e-08
2,2.7852780000000001e-08
2.1000000000000001,2.7731509999999999e-08
2.2000000000000002,2.7787970000000001e-08
2.2999999999999998,2.7644170000000001e-08
2.3999999999999999,2.7757070000000001e-08
2.5,2.7820109999999999e-08
