0.20000000000000001,1.089743e-07
0.25,1.066129e-07
0.29999999999999999,1.058745e-07
0.34999999999999998,1.0529870000000001e-07
0.40000000000000002,1.050927e-07
0.45000000000000001,1.0483369999999999e-07
0.5,1.0408e-07
0.55000000000000004,1.046362e-07
0.59999999999999998,1.046938e-07
0.65000000000000002,1.036557e-07
0.69999999999999996,1.044532e-07
0.75,1.04241e-07
0.80000000000000004,1.0437279999999999e-07
0.84999999999999998,1.0438e-07
0.90000000000000002,1.030387e-07
0.94999999999999996,1.0370289999999999e-07
1,1.027504e-07
1.05,1.035003e-07
1.1000000000000001,1.034302e-07
1.1499999999999999,1.033506e-07
1.2,1.0218540000000001e-07
1.25,1.019665e-07
1.3,1.016119e-07
1.3500000000000001,1.011159e-07
1.3999999999999999,1.018073e-07
1.45,1.010962e-07
1.5,1.005689e-07
1.55,1.0024790000000001e-07
1.6000000000000001,1.001371e-07
1.6499999999999999,9.9276510000000005e-08
1.7,9.971632e-08
1.75,9.979153e-08
1.8,9.8525169999999998e-08
1.8500000000000001,9.7782839999999998e-08
1.8999999999999999,9.7886729999999995e-08
1.95,9.7120779999999996e-08
2,9.5909479999999996e-08
2.0499999999999998,9.5599250000000002e-08
2.1000000000000001,9.2726109999999995e-08
2.1499999999999999,7.7112480000000003e-08
2.2000000000000002,9.1446760000000001e-08
2.25,5.9707139999999998e-08
2.2999999999999998,7.1678230000000002e-08
2.3500000000000001,2.271387e-07
2.3999999999999999,4.38273e-07
2.4500000000000002,5.8134240000000001e-07
2.5,7.1099699999999997e-07
