0,7.2268299999999995e-10
0.10000000000000001,7.3852510000000002e-10
0.20000000000000001,8.8725290000000001e-10
0.22,9.8015420000000007e-10
0.23999999999999999,1.127462e-09
0.26000000000000001,1.3546390000000001e-09
0.28000000000000003,1.689808e-09
0.29999999999999999,2.253981e-09
0.32000000000000001,2.9245059999999998e-09
0.34000000000000002,4.015924e-09
0.35999999999999999,5.1517580000000002e-09
0.38,6.6490599999999998e-09
0.40000000000000002,8.6385010000000002e-09
0.41999999999999998,1.1035389999999999e-08
0.44,1.398e-08
0.46000000000000002,1.7166609999999999e-08
0.47999999999999998,2.276736e-08
0.5,2.8944169999999999e-08
0.52000000000000002,3.6694820000000001e-08
0.54000000000000004,4.5848739999999999e-08
0.56000000000000005,5.7016650000000001e-08
0.57999999999999996,7.064954e-08
0.59999999999999998,8.7461989999999996e-08
0.62,1.078701e-07
0.64000000000000001,1.3098619999999999e-07
0.66000000000000003,1.5910909999999999e-07
0.68000000000000005,1.9058800000000001e-07
0.69999999999999996,2.2955939999999999e-07
0.71999999999999997,2.6897050000000002e-07
0.73999999999999999,3.1811440000000001e-07
0.76000000000000001,3.7135489999999999e-07
0.78000000000000003,4.3795490000000001e-07
0.80000000000000004,5.0820639999999999e-07
0.81999999999999995,5.8552690000000001e-07
0.83999999999999997,6.705409e-07
0.85999999999999999,7.6490489999999996e-07
0.88,8.6926099999999996e-07
0.90000000000000002,9.8166879999999996e-07
0.92000000000000004,1.103122e-06
0.93999999999999995,1.231169e-06
0.95999999999999996,1.3715510000000001e-06
0.97999999999999998,1.5212440000000001e-06
1,1.6820909999999999e-06
1.02,1.85088e-06
1.04,2.0314079999999999e-06
1.0600000000000001,2.2351809999999999e-06
1.0800000000000001,2.4362079999999999e-06
1.1000000000000001,2.6516620000000002e-06
1.1200000000000001,2.8757930000000001e-06
1.1399999999999999,3.1113589999999999e-06
1.1599999999999999,3.3584209999999998e-06
1.1799999999999999,3.6017740000000001e-06
1.2,3.8827670000000001e-06
1.22,4.164781e-06
1.24,4.4410399999999998e-06
1.26,4.7588159999999997e-06
1.28,5.07056e-06
1.3,5.3929280000000004e-06
1.3200000000000001,5.7248029999999997e-06
1.3400000000000001,6.0622640000000002e-06
1.3600000000000001,6.4142590000000001e-06
1.3799999999999999,6.7766459999999996e-06
1.3999999999999999,7.1538239999999998e-06
1.4199999999999999,7.5356780000000004e-06
1.4399999999999999,7.9240829999999994e-06
1.46,8.3148519999999993e-06
1.48,8.6791529999999996e-06
1.5,8.8136089999999994e-06
1.52,8.8542019999999995e-06
1.54,8.8758640000000007e-06
1.5600000000000001,8.8886649999999994e-06
1.5800000000000001,8.8990010000000001e-06
1.6000000000000001,8.9070320000000005e-06
1.7,8.9263339999999992e-06
1.8,8.9345519999999995e-06
1.8999999999999999,8.9421980000000001e-06
2,8.9435990000000008e-06
2.1000000000000001,8.9497649999999995e-06
2.2000000000000002,8.9472469999999999e-06
2.2999999999999998,8.9500749999999992e-06
2.3999999999999999,8.9504979999999996e-06
2.5,8.951515e-06
