0,9.4691280000000005e-06
0.10000000000000001,9.4504209999999993e-06
0.20000000000000001,9.4290810000000006e-06
0.29999999999999999,9.4293749999999998e-06
0.40000000000000002,9.3689219999999995e-06
0.5,9.3254959999999998e-06
0.59999999999999998,9.2715659999999998e-06
0.69999999999999996,9.2037589999999994e-06
0.80000000000000004,9.1140809999999994e-06
0.90000000000000002,8.9917549999999994e-06
1,8.814436e-06
1.1000000000000001,8.5168979999999992e-06
1.2,7.8793669999999992e-06
1.22,7.648388e-06
1.24,7.331631e-06
1.26,6.9312489999999997e-06
1.28,6.4759470000000004e-06
1.3,6.0079270000000002e-06
1.3200000000000001,5.5361100000000001e-06
1.3400000000000001,5.1003260000000004e-06
1.3600000000000001,4.6597730000000002e-06
1.3799999999999999,4.2404769999999999e-06
1.3999999999999999,3.8569159999999999e-06
1.4199999999999999,3.4446340000000001e-06
1.4399999999999999,3.0985979999999998e-06
1.46,2.7336840000000002e-06
1.48,2.4169730000000002e-06
1.5,2.1093170000000001e-06
1.52,1.842219e-06
1.54,1.5723120000000001e-06
1.5600000000000001,1.335932e-06
1.5800000000000001,1.1220560000000001e-06
1.6000000000000001,9.242153e-07
1.6200000000000001,7.6211669999999999e-07
1.6399999999999999,6.1764749999999996e-07
1.6599999999999999,4.8078089999999998e-07
1.6799999999999999,3.7170189999999998e-07
1.7,2.8596790000000002e-07
1.72,2.102249e-07
1.74,1.5404690000000001e-07
1.76,1.06714e-07
1.78,7.3143649999999997e-08
1.8,4.9802929999999997e-08
1.8200000000000001,3.1619070000000003e-08
1.8400000000000001,2.004406e-08
1.8600000000000001,1.231429e-08
1.8799999999999999,7.6297480000000002e-09
1.8999999999999999,4.4678790000000002e-09
1.9199999999999999,2.6355209999999999e-09
1.9399999999999999,1.53286e-09
1.96,9.0333989999999997e-10
1.98,5.2916389999999996e-10
2,3.1588930000000002e-10
2.02,1.87425e-10
2.04,1.1670589999999999e-10
2.0600000000000001,7.4598810000000004e-11
2.0800000000000001,5.0286e-11
2.1000000000000001,3.6663980000000003e-11
2.1200000000000001,2.841823e-11
2.1400000000000001,2.334183e-11
2.1600000000000001,2.0564400000000002e-11
2.1800000000000002,1.894985e-11
2.2000000000000002,1.8227879999999999e-11
2.2999999999999998,1.701526e-11
2.3999999999999999,1.647308e-11
2.5,1.652841e-11
