0,6.2255830000000003e-06
0.10000000000000001,6.2166550000000004e-06
0.20000000000000001,6.204905e-06
0.29999999999999999,6.1910170000000004e-06
0.40000000000000002,6.1733660000000004e-06
0.5,6.1515229999999999e-06
0.59999999999999998,6.1249670000000004e-06
0.69999999999999996,6.0910419999999997e-06
0.80000000000000004,6.0483689999999998e-06
0.90000000000000002,5.9905959999999998e-06
1,5.9086149999999998e-06
1.1000000000000001,5.7829500000000003e-06
1.2,5.567105e-06
1.3,5.0410410000000002e-06
1.3999999999999999,3.3993659999999999e-06
1.5,1.8261500000000001e-06
1.6000000000000001,7.6663200000000003e-07
1.7,2.192085e-07
1.8,3.3915390000000002e-08
1.8999999999999999,2.7729649999999998e-09
2,1.8240529999999999e-10
2.1000000000000001,1.89285e-11
2.2000000000000002,8.2553349999999994e-12
2.2999999999999998,7.7155599999999995e-12
2.3999999999999999,7.5310240000000002e-12
2.5,7.4436630000000003e-12
