0,3.2854359999999999e-12
0.10000000000000001,4.5764350000000003e-11
0.20000000000000001,6.3190050000000001e-10
0.29999999999999999,8.6034190000000006e-09
0.40000000000000002,7.5062749999999995e-08
0.5,2.8028729999999998e-07
0.59999999999999998,6.6879599999999995e-07
0.69999999999999996,1.260721e-06
0.80000000000000004,2.0877430000000001e-06
0.90000000000000002,3.1531400000000002e-06
1,4.4984010000000002e-06
1.1000000000000001,6.0884330000000003e-06
1.2,7.9791829999999999e-06
1.3,1.012742e-05
1.3999999999999999,1.251256e-05
1.5,1.5158239999999999e-05
1.6000000000000001,1.7676489999999999e-05
1.7,1.8103389999999999e-05
1.8,1.8229449999999999e-05
1.8999999999999999,1.8290900000000001e-05
2,1.8328059999999999e-05
2.1000000000000001,1.8354739999999998e-05
2.2000000000000002,1.8374849999999999e-05
2.2999999999999998,1.8392379999999999e-05
2.3999999999999999,1.84048e-05
2.5,1.8412650000000001e-05
