0,4.8469850000000001e-12
0.10000000000000001,4.649786e-11
0.20000000000000001,6.4517269999999999e-10
0.29999999999999999,8.5261260000000002e-09
0.40000000000000002,6.0041979999999996e-08
0.5,2.0644439999999999e-07
0.59999999999999998,4.9728609999999996e-07
0.69999999999999996,9.6754829999999993e-07
0.80000000000000004,1.6725680000000001e-06
0.90000000000000002,2.6133390000000001e-06
1,3.8047749999999999e-06
1.1000000000000001,5.2653409999999999e-06
1.2,6.7762429999999997e-06
1.3,6.8295590000000001e-06
1.3999999999999999,6.8368619999999999e-06
1.5,6.8399990000000003e-06
1.6000000000000001,6.8427840000000003e-06
1.7,6.8448449999999999e-06
1.8,6.8390509999999996e-06
1.8999999999999999,6.8452199999999998e-06
2,6.8466520000000004e-06
2.1000000000000001,6.8405290000000001e-06
2.2000000000000002,6.8471839999999998e-06
2.2999999999999998,6.8466419999999997e-06
2.3999999999999999,6.8468280000000002e-06
2.5,6.8471040000000002e-06
