0,1.4652749999999999e-12
0.10000000000000001,2.818988e-11
0.20000000000000001,3.9222100000000003e-10
0.29999999999999999,5.3546540000000004e-09
0.40000000000000002,4.7211700000000003e-08
0.5,1.859767e-07
0.59999999999999998,4.711579e-07
0.69999999999999996,9.4262529999999996e-07
0.80000000000000004,1.642541e-06
0.90000000000000002,2.5848970000000001e-06
1,3.784194e-06
1.1000000000000001,5.2618320000000002e-06
1.2,6.9970960000000002e-06
1.3,9.0200259999999995e-06
1.3999999999999999,1.1293370000000001e-05
1.5,1.383231e-05
1.6000000000000001,1.6580340000000001e-05
1.7,1.805559e-05
1.8,1.8271399999999999e-05
1.8999999999999999,1.8363790000000001e-05
2,1.8419069999999999e-05
2.1000000000000001,1.8456409999999999e-05
2.2000000000000002,1.8482859999999999e-05
2.2999999999999998,1.8502039999999999e-05
2.3999999999999999,1.8517489999999999e-05
2.5,1.8531809999999998e-05
