0.20000000000000001,2.4807e-11
0.25,3.427236e-11
0.29999999999999999,3.1323879999999998e-10
0.34999999999999998,3.1190259999999998e-10
0.40000000000000002,1.6467239999999999e-09
0.45000000000000001,7.3385040000000003e-09
0.5,2.5871000000000001e-08
0.55000000000000004,2.5994850000000001e-08
0.59999999999999998,6.7843029999999997e-08
0.65000000000000002,8.8704670000000007e-08
0.69999999999999996,8.8876130000000003e-08
0.75,8.9018959999999998e-08
0.80000000000000004,8.8538060000000001e-08
0.84999999999999998,8.8854870000000002e-08
0.90000000000000002,8.8762809999999998e-08
0.94999999999999996,8.9250579999999995e-08
1,8.9064149999999998e-08
1.05,8.997634e-08
1.1000000000000001,8.9765220000000001e-08
1.1499999999999999,8.9706499999999997e-08
1.2,8.9759650000000005e-08
1.25,8.9268570000000005e-08
1.3,8.9384570000000005e-08
1.3500000000000001,8.9476739999999998e-08
1.3999999999999999,8.9438509999999994e-08
1.45,8.9641260000000005e-08
1.5,8.8447959999999999e-08
1.55,8.9677040000000002e-08
1.6000000000000001,9.0286329999999998e-08
1.6499999999999999,8.8949189999999999e-08
1.7,8.9820839999999996e-08
1.75,8.9572540000000003e-08
1.8,9.0486809999999994e-08
1.8500000000000001,8.8806590000000004e-08
1.8999999999999999,8.9442089999999997e-08
1.95,8.9060280000000001e-08
2,8.9347030000000002e-08
2.0499999999999998,8.9288110000000001e-08
2.1000000000000001,9.0316640000000005e-08
2.1499999999999999,8.9350759999999993e-08
2.2000000000000002,8.9445169999999999e-08
2.25,8.9609780000000002e-08
2.2999999999999998,9.0229459999999995e-08
2.3500000000000001,9.0395020000000003e-08
2.3999999999999999,9.1182979999999997e-08
2.4500000000000002,9.1016950000000004e-08
2.5,9.2380159999999995e-08
