0,1.045295e-07
0.10000000000000001,1.040799e-07
0.20000000000000001,1.08657e-07
0.29999999999999999,1.077433e-07
0.40000000000000002,1.0468389999999999e-07
0.5,1.041233e-07
0.59999999999999998,1.033809e-07
0.69999999999999996,1.015071e-07
0.80000000000000004,1.006751e-07
0.90000000000000002,9.9152089999999996e-08
1,9.6370389999999994e-08
1.1000000000000001,9.3368609999999995e-08
1.2,8.9563139999999998e-08
1.3,8.5302759999999996e-08
1.3999999999999999,7.8226679999999994e-08
1.5,6.7507339999999999e-08
1.6000000000000001,5.1722619999999997e-08
1.7,3.0309359999999999e-08
1.8,9.9616599999999993e-09
1.8999999999999999,1.293231e-09
2,9.0835549999999997e-11
2.1000000000000001,7.4516349999999995e-12
2.2000000000000002,1.9750570000000002e-12
2.2999999999999998,1.6386269999999999e-12
2.3999999999999999,1.4478359999999999e-12
2.5,1.509768e-12
