0,7.7835480000000006e-06
0.10000000000000001,7.7767809999999995e-06
0.20000000000000001,7.7633060000000004e-06
0.29999999999999999,7.7449499999999994e-06
0.40000000000000002,7.7218949999999994e-06
0.5,7.6924570000000003e-06
0.59999999999999998,7.6564399999999995e-06
0.69999999999999996,7.6112260000000004e-06
0.80000000000000004,7.5534670000000003e-06
0.90000000000000002,7.4777630000000003e-06
1,7.3730579999999999e-06
1.1000000000000001,7.2159520000000004e-06
1.2,6.9515399999999997e-06
1.22,6.8761080000000003e-06
1.24,6.7794790000000001e-06
1.26,6.6675759999999997e-06
1.28,7.767639e-06
1.3,6.3591529999999998e-06
1.3200000000000001,6.1416480000000003e-06
1.3400000000000001,5.851844e-06
1.3600000000000001,5.4632789999999999e-06
1.3799999999999999,5.0530130000000003e-06
1.3999999999999999,4.6601709999999997e-06
1.4199999999999999,4.2552689999999999e-06
1.4399999999999999,3.8475839999999998e-06
1.46,3.4696530000000002e-06
1.48,3.129522e-06
1.5,2.775279e-06
1.52,2.454769e-06
1.54,2.1560749999999999e-06
1.5600000000000001,1.872381e-06
1.5800000000000001,1.613764e-06
1.6000000000000001,1.383999e-06
1.6200000000000001,1.1523069999999999e-06
1.6399999999999999,9.5472390000000003e-07
1.6599999999999999,7.7609999999999997e-07
1.6799999999999999,6.1930860000000001e-07
1.7,4.9185129999999995e-07
1.72,3.7611710000000002e-07
1.74,2.8193100000000001e-07
1.76,2.072268e-07
1.78,1.5065639999999999e-07
1.8,1.036568e-07
1.8200000000000001,7.1935030000000005e-08
1.8400000000000001,4.6779269999999998e-08
1.8600000000000001,3.0315600000000003e-08
1.8799999999999999,1.89911e-08
1.8999999999999999,1.1815500000000001e-08
1.9199999999999999,7.1708990000000002e-09
1.9399999999999999,4.3271149999999999e-09
1.96,2.60558e-09
1.98,1.557666e-09
2,9.7585370000000004e-10
2.02,6.2292689999999998e-10
2.04,4.1919320000000001e-10
2.0600000000000001,2.9883969999999998e-10
2.0800000000000001,2.2985000000000001e-10
2.1000000000000001,1.8911480000000001e-10
2.1200000000000001,1.6578280000000001e-10
2.1400000000000001,1.5222259999999999e-10
2.1600000000000001,1.4436699999999999e-10
2.1800000000000002,1.4010259999999999e-10
2.2000000000000002,1.3843879999999999e-10
2.2999999999999998,1.3682440000000001e-10
2.3999999999999999,1.376052e-10
2.5,1.380851e-10
