0,8.1365900000000003e-06
0.10000000000000001,8.1277339999999998e-06
0.20000000000000001,8.1109799999999994e-06
0.29999999999999999,8.0838560000000003e-06
0.40000000000000002,8.0501900000000006e-06
0.5,8.0059049999999994e-06
0.59999999999999998,7.9484979999999997e-06
0.69999999999999996,7.8699250000000007e-06
0.80000000000000004,7.7583210000000007e-06
0.90000000000000002,7.5906520000000004e-06
1,7.3048300000000003e-06
1.1000000000000001,6.6313189999999998e-06
1.2,4.7342469999999997e-06
1.3,2.8024180000000001e-06
1.3999999999999999,1.3977120000000001e-06
1.5,5.0692019999999997e-07
1.6000000000000001,1.154397e-07
1.7,1.3582260000000001e-08
1.8,9.5621579999999994e-10
1.8999999999999999,7.2376670000000003e-11
2,1.8502060000000001e-11
2.1000000000000001,1.3194350000000001e-11
2.2000000000000002,1.401877e-11
2.2999999999999998,1.443898e-11
2.3999999999999999,1.452354e-11
2.5,1.083028e-11
