0.20000000000000001,5.6435000000000002e-08
0.25,5.6378359999999999e-08
0.29999999999999999,5.6392679999999998e-08
0.34999999999999998,5.6254509999999999e-08
0.40000000000000002,5.6130719999999998e-08
0.45000000000000001,5.6088690000000001e-08
0.5,5.583854e-08
0.55000000000000004,5.6046410000000003e-08
0.59999999999999998,5.5923769999999998e-08
0.65000000000000002,5.609479e-08
0.69999999999999996,5.6203040000000003e-08
0.75,5.5746810000000002e-08
0.80000000000000004,5.6016689999999998e-08
0.84999999999999998,5.5941680000000003e-08
0.90000000000000002,5.5899620000000002e-08
0.94999999999999996,5.569775e-08
1,5.555204e-08
1.05,5.5419109999999997e-08
1.1000000000000001,5.5290020000000001e-08
1.1499999999999999,5.5080420000000002e-08
1.2,5.514541e-08
1.25,5.476861e-08
1.3,5.4734360000000001e-08
1.3500000000000001,5.4592769999999997e-08
1.3999999999999999,5.4524719999999997e-08
1.45,5.4342840000000001e-08
1.5,5.4177439999999997e-08
1.55,5.3925339999999997e-08
1.6000000000000001,5.371734e-08
1.6499999999999999,5.3850839999999999e-08
1.7,5.340722e-08
1.75,5.3168850000000003e-08
1.8,5.2689020000000003e-08
1.8500000000000001,5.2325750000000001e-08
1.8999999999999999,5.1967999999999999e-08
1.95,5.1747400000000002e-08
2,5.126657e-08
2.0499999999999998,5.0632909999999999e-08
2.1000000000000001,4.9282729999999999e-08
2.1499999999999999,4.6426660000000002e-08
2.2000000000000002,4.398565e-08
2.25,4.0401280000000002e-08
2.2999999999999998,2.3728269999999998e-09
2.3500000000000001,6.5746910000000004e-09
2.3999999999999999,2.087163e-09
2.4500000000000002,3.6466430000000002e-09
2.5,7.3206520000000002e-09
