0,4.2682669999999998e-12
0.10000000000000001,4.652943e-11
0.20000000000000001,6.8584779999999999e-10
0.29999999999999999,9.6363699999999999e-09
0.40000000000000002,7.6939359999999994e-08
0.5,2.7423300000000002e-07
0.59999999999999998,6.4156480000000003e-07
0.69999999999999996,1.220001e-06
0.80000000000000004,2.0396919999999999e-06
0.90000000000000002,3.1091929999999998e-06
1,4.4378869999999997e-06
1.1000000000000001,6.0258080000000002e-06
1.2,6.9685700000000001e-06
1.3,6.9818760000000002e-06
1.3999999999999999,6.9859939999999999e-06
1.5,6.9876730000000003e-06
1.6000000000000001,6.9888239999999997e-06
1.7,6.989547e-06
1.8,6.990485e-06
1.8999999999999999,6.9907010000000001e-06
2,6.9904830000000004e-06
2.1000000000000001,6.9915529999999999e-06
2.2000000000000002,6.9913040000000004e-06
2.2999999999999998,6.9912860000000003e-06
2.3999999999999999,6.9904489999999999e-06
2.5,6.9911919999999999e-06
