0,9.1105579999999996e-10
0.10000000000000001,1.3508550000000001e-09
0.20000000000000001,8.3091549999999999e-09
0.29999999999999999,5.6519189999999999e-08
0.40000000000000002,2.0371669999999999e-07
0.5,4.7634469999999999e-07
0.59999999999999998,9.5400740000000005e-07
0.69999999999999996,1.634715e-06
0.80000000000000004,2.5878839999999998e-06
0.90000000000000002,3.8225859999999997e-06
1,5.2935960000000003e-06
1.1000000000000001,7.028349e-06
1.2,8.9945130000000006e-06
1.3,9.7549980000000001e-06
1.3999999999999999,9.7921629999999996e-06
1.5,9.8076590000000005e-06
1.6000000000000001,9.8165139999999999e-06
1.7,9.8226720000000001e-06
1.8,9.8252640000000005e-06
1.8999999999999999,9.8276280000000005e-06
2,9.8313080000000004e-06
2.1000000000000001,9.8335399999999994e-06
2.2000000000000002,9.8345939999999992e-06
2.2999999999999998,9.8360209999999995e-06
2.3999999999999999,9.8373559999999997e-06
2.5,9.8405509999999996e-06
