0,6.6539419999999998e-06,6.2340419999999998e-06,5.4127179999999999e-06,3.3316009999999998e-06,7.0749619999999998e-07
0.10000000000000001,6.6407020000000003e-06,6.2171430000000003e-06,5.4043360000000002e-06,3.3277689999999999e-06,7.0587150000000005e-07
0.20000000000000001,6.6262710000000002e-06,6.2043650000000004e-06,5.3927930000000003e-06,3.3203210000000002e-06,7.0497189999999995e-07
0.29999999999999999,6.6089530000000004e-06,6.1884830000000003e-06,5.3799620000000004e-06,3.3142040000000001e-06,7.0315599999999995e-07
0.40000000000000002,6.5878849999999999e-06,6.1703449999999998e-06,5.365788e-06,3.306468e-06,7.0168989999999999e-07
0.5,6.5634709999999998e-06,6.1489419999999996e-06,5.3483150000000003e-06,3.2970380000000001e-06,6.9997100000000001e-07
0.59999999999999998,6.5337790000000001e-06,6.1225369999999998e-06,5.3274939999999996e-06,3.2853440000000001e-06,6.9757439999999999e-07
0.69999999999999996,6.497369e-06,6.090424e-06,5.3012589999999999e-06,3.2728299999999998e-06,6.9472960000000001e-07
0.80000000000000004,6.4505929999999997e-06,6.0494890000000002e-06,5.2680729999999999e-06,3.2560970000000002e-06,6.9133820000000003e-07
0.90000000000000002,6.3895070000000004e-06,5.996029e-06,5.2254680000000002e-06,3.234933e-06,6.8729360000000004e-07
1,6.3053079999999998e-06,5.9234470000000001e-06,5.1674239999999997e-06,3.2056350000000002e-06,6.816881e-07
1.1000000000000001,6.1795199999999996e-06,5.8148970000000001e-06,5.083512e-06,3.165698e-06,6.7410739999999998e-07
1.2,5.9710439999999996e-06,5.6394230000000002e-06,4.9507519999999996e-06,3.108463e-06,6.6352120000000001e-07
1.3,5.5201610000000001e-06,5.2756449999999997e-06,4.698617e-06,3.0087609999999999e-06,6.4717239999999996e-07
1.3999999999999999,4.0420929999999998e-06,4.0424859999999999e-06,3.9501009999999999e-06,2.8155719999999998e-06,6.2167929999999999e-07
1.5,2.2932139999999999e-06,2.3080190000000001e-06,2.3045959999999998e-06,2.1976579999999998e-06,5.7662899999999997e-07
1.6000000000000001,1.0469690000000001e-06,1.0633630000000001e-06,1.0672360000000001e-06,1.047834e-06,4.8440340000000002e-07
1.7,3.3705870000000002e-07,3.4501209999999998e-07,3.478748e-07,3.4434589999999999e-07,2.7692560000000001e-07
1.8,5.9711330000000004e-08,6.1890620000000006e-08,6.3002940000000006e-08,6.281391e-08,5.9361740000000002e-08
1.8999999999999999,1.032213e-08,5.7734710000000002e-09,5.9581509999999996e-09,5.9489629999999998e-09,5.7558009999999998e-09
2,5.9952319999999996e-09,3.8165500000000001e-10,3.950711e-10,3.9397980000000001e-10,3.8161220000000002e-10
2.1000000000000001,6.0061400000000001e-09,3.6045760000000003e-11,3.4933660000000002e-11,3.248394e-11,2.9169859999999998e-11
2.2000000000000002,6.1519619999999997e-09,1.272472e-11,1.141207e-11,8.2334260000000005e-12,5.9007860000000001e-12
2.2999999999999998,5.728402e-09,1.1008550000000001e-11,8.9975250000000007e-12,6.7038330000000002e-12,4.0619599999999998e-12
2.3999999999999999,5.7175900000000003e-09,1.1134e-11,8.7961629999999997e-12,6.3566470000000003e-12,3.6836089999999997e-12
2.5,5.8231439999999998e-09,1.1367720000000001e-11,9.4763619999999994e-12,6.4639180000000002e-12,4.2699139999999998e-12
