0,6.2944329999999997e-06
0.10000000000000001,6.2857389999999998e-06
0.20000000000000001,6.2740730000000001e-06
0.29999999999999999,6.2591589999999996e-06
0.40000000000000002,6.2413839999999996e-06
0.5,6.2197339999999996e-06
0.59999999999999998,6.1934800000000004e-06
0.69999999999999996,6.160317e-06
0.80000000000000004,6.1176929999999999e-06
0.90000000000000002,6.0607159999999999e-06
1,5.9803519999999999e-06
1.1000000000000001,5.8590439999999997e-06
1.2,5.6538500000000001e-06
1.3,5.1845180000000002e-06
1.3999999999999999,3.6312230000000001e-06
1.5,1.9884290000000001e-06
1.6000000000000001,8.621801e-07
1.7,2.607547e-07
1.8,4.3431130000000002e-08
1.8999999999999999,3.7951560000000003e-09
2,2.2511569999999999e-10
2.1000000000000001,3.6860750000000002e-11
2.2000000000000002,8.7228849999999997e-12
2.2999999999999998,3.9547290000000001e-11
2.3999999999999999,4.5614670000000002e-12
2.5,5.7725990000000001e-12
