0,4.9576079999999998e-07
0.10000000000000001,4.9387709999999999e-07
0.20000000000000001,4.9281910000000001e-07
0.29999999999999999,4.923863e-07
0.40000000000000002,4.9170240000000001e-07
0.5,4.9045599999999995e-07
0.59999999999999998,4.8794279999999995e-07
0.69999999999999996,4.8630529999999996e-07
0.80000000000000004,4.8349989999999996e-07
0.90000000000000002,4.7964970000000001e-07
1,4.758799e-07
1.1000000000000001,4.7082760000000002e-07
1.2,4.6398520000000002e-07
1.3,4.5357190000000001e-07
1.3999999999999999,4.3874309999999999e-07
1.5,4.1462689999999998e-07
1.6000000000000001,3.7225820000000001e-07
1.7,2.9942459999999997e-07
1.8,1.849381e-07
1.8999999999999999,6.9592160000000003e-08
2,1.2188839999999999e-08
2.1000000000000001,1.121761e-09
2.2000000000000002,1.028092e-10
2.2999999999999998,1.1918849999999999e-11
2.3999999999999999,6.516631e-12
2.5,8.1890050000000004e-12
