0,4.8663290000000005e-07
0.10000000000000001,4.8474199999999999e-07
0.20000000000000001,4.8398879999999997e-07
0.29999999999999999,4.8302179999999996e-07
0.40000000000000002,4.8212479999999997e-07
0.5,4.8028810000000001e-07
0.59999999999999998,4.7862699999999996e-07
0.69999999999999996,4.768316e-07
0.80000000000000004,4.7390529999999998e-07
0.90000000000000002,4.7083990000000001e-07
1,4.670695e-07
1.1000000000000001,4.5975519999999999e-07
1.2,4.5142559999999999e-07
1.3,4.3883049999999998e-07
1.3999999999999999,4.1960129999999998e-07
1.5,3.8662569999999998e-07
1.6000000000000001,3.2861059999999998e-07
1.7,2.3068760000000001e-07
1.8,1.067498e-07
1.8999999999999999,2.458291e-08
2,2.510617e-09
2.1000000000000001,1.8086829999999999e-10
2.2000000000000002,1.524806e-11
2.2999999999999998,2.3812540000000001e-12
2.3999999999999999,1.221599e-12
2.5,4.6525850000000002e-13
