0,4.6343929999999997e-12,2.8262690000000001e-12,1.39727e-12,6.4481890000000004e-13,5.4871440000000002e-09
0.10000000000000001,7.4068299999999997e-11,6.9305439999999996e-11,6.6074870000000004e-11,6.3396079999999995e-11,6.3317520000000004e-09
0.20000000000000001,1.046029e-09,9.9677200000000008e-10,9.6688159999999997e-10,9.3845140000000003e-10,4.8492700000000002e-09
0.29999999999999999,1.344042e-08,1.287711e-08,1.250802e-08,1.2295510000000001e-08,1.996993e-10
0.40000000000000002,9.5405849999999999e-08,9.2514660000000002e-08,9.0293500000000001e-08,8.9249590000000003e-08,7.4535120000000001e-09
0.5,3.1282340000000002e-07,3.053759e-07,3.0138919999999998e-07,1.707161e-07,7.7037190000000005e-09
0.59999999999999998,7.0790870000000004e-07,6.9345590000000002e-07,6.8485880000000005e-07,1.7096399999999999e-07,7.7980929999999996e-09
0.69999999999999996,1.3039229999999999e-06,1.2770640000000001e-06,8.5908260000000005e-07,1.7086939999999999e-07,7.6754929999999992e-09
0.80000000000000004,2.136678e-06,1.84311e-06,8.5957839999999999e-07,1.709091e-07,7.9132680000000005e-09
0.90000000000000002,3.2146800000000002e-06,1.84512e-06,8.5994939999999996e-07,1.70945e-07,7.8405900000000005e-09
1,4.5372170000000002e-06,1.845471e-06,8.5973329999999999e-07,1.7100969999999999e-07,7.6100809999999993e-09
1.1000000000000001,5.9606129999999999e-06,1.8454679999999999e-06,8.6013549999999995e-07,1.711895e-07,7.7841069999999998e-09
1.2,5.9950689999999998e-06,1.845672e-06,8.5951029999999997e-07,1.7121710000000001e-07,7.7892139999999999e-09
1.3,5.9990980000000002e-06,1.845554e-06,8.5955999999999995e-07,1.711076e-07,7.6910570000000008e-09
1.3999999999999999,6.0013249999999997e-06,1.845978e-06,8.5955310000000001e-07,1.710279e-07,7.6366200000000005e-09
1.5,6.0028910000000001e-06,1.846008e-06,8.5935530000000004e-07,1.7062179999999999e-07,7.4423780000000003e-09
1.6000000000000001,6.0029870000000002e-06,1.845565e-06,8.5923160000000003e-07,1.700854e-07,7.6933319999999998e-09
1.7,6.003492e-06,1.846092e-06,8.5959370000000001e-07,1.7045760000000001e-07,7.5841150000000005e-09
1.8,6.004451e-06,1.846068e-06,8.5968749999999997e-07,1.7056750000000001e-07,7.4589849999999993e-09
1.8999999999999999,6.0048739999999996e-06,1.8460030000000001e-06,8.5964759999999997e-07,1.705003e-07,7.511264e-09
2,6.0046750000000002e-06,1.845724e-06,8.5929920000000003e-07,1.707864e-07,7.4374320000000003e-09
2.1000000000000001,6.004957e-06,1.846146e-06,8.591069e-07,1.7068010000000001e-07,7.4501260000000002e-09
2.2000000000000002,6.0050729999999998e-06,1.8459199999999999e-06,8.592036e-07,1.704053e-07,7.4315600000000003e-09
2.2999999999999998,6.0041379999999996e-06,1.8453299999999999e-06,8.5913009999999998e-07,1.7038420000000001e-07,7.4186400000000003e-09
2.3999999999999999,6.0041989999999998e-06,1.8453350000000001e-06,8.5966340000000001e-07,1.7013300000000001e-07,7.430962e-09
2.5,6.0047869999999999e-06,1.845118e-06,8.5953819999999996e-07,1.7012690000000001e-07,7.2283870000000004e-09
