0,3.2618379999999998e-10
0.10000000000000001,3.6166829999999998e-10
0.20000000000000001,5.5965959999999999e-10
0.29999999999999999,1.3344500000000001e-09
0.40000000000000002,4.2189439999999999e-09
0.5,1.441146e-08
0.59999999999999998,4.7029229999999998e-08
0.69999999999999996,1.3715780000000001e-07
0.80000000000000004,3.3924649999999998e-07
0.90000000000000002,7.0468950000000003e-07
1,1.288759e-06
1.1000000000000001,2.1275200000000001e-06
1.2,3.2119940000000002e-06
1.3,4.583354e-06
1.3999999999999999,6.2133089999999999e-06
1.5,7.4174119999999998e-06
1.6000000000000001,7.4779470000000003e-06
1.7,7.496779e-06
1.8,7.5061089999999996e-06
1.8999999999999999,7.5129370000000001e-06
2,7.5168559999999996e-06
2.1000000000000001,7.5201640000000003e-06
2.2000000000000002,7.5227960000000001e-06
2.2999999999999998,7.5247839999999999e-06
2.3999999999999999,7.5261090000000003e-06
2.5,7.5276069999999997e-06
