0,7.0974189999999997e-12
0.10000000000000001,5.6035390000000002e-11
0.20000000000000001,7.8383489999999998e-10
0.29999999999999999,1.098615e-08
0.40000000000000002,9.3585220000000005e-08
0.5,3.4100390000000001e-07
0.59999999999999998,7.8144179999999995e-07
0.69999999999999996,1.436725e-06
0.80000000000000004,2.338717e-06
0.90000000000000002,3.4788399999999999e-06
1,4.8850510000000002e-06
1.1000000000000001,6.524408e-06
1.2,6.9224379999999998e-06
1.3,6.9307469999999998e-06
1.3999999999999999,6.9332699999999998e-06
1.5,6.9355970000000003e-06
1.6000000000000001,6.9364869999999998e-06
1.7,6.9382489999999998e-06
1.8,6.9392770000000002e-06
1.8999999999999999,6.9393020000000003e-06
2,6.9393050000000001e-06
2.1000000000000001,6.9400219999999998e-06
2.2000000000000002,6.9400840000000002e-06
2.2999999999999998,6.9404130000000002e-06
2.3999999999999999,6.9396100000000003e-06
2.5,6.9401660000000004e-06
