0,1.7512600000000001e-11
0.10000000000000001,1.9551229999999999e-11
0.20000000000000001,1.70466e-10
0.29999999999999999,2.5470309999999999e-09
0.40000000000000002,3.123209e-08
0.5,1.823073e-07
0.59999999999999998,5.214953e-07
0.69999999999999996,1.069866e-06
0.80000000000000004,1.8568970000000001e-06
0.90000000000000002,2.8957000000000001e-06
1,4.1889300000000002e-06
1.1000000000000001,5.7498240000000002e-06
1.2,7.0988499999999998e-06
1.3,7.1283750000000002e-06
1.3999999999999999,7.1358280000000003e-06
1.5,7.1380500000000002e-06
1.6000000000000001,7.1396220000000004e-06
1.7,7.1415220000000003e-06
1.8,7.1425629999999996e-06
1.8999999999999999,7.1421629999999996e-06
2,7.142982e-06
2.1000000000000001,7.1436130000000002e-06
2.2000000000000002,7.1437809999999998e-06
2.2999999999999998,7.1437680000000001e-06
2.3999999999999999,7.143934e-06
2.5,7.1440609999999999e-06
