0,6.3980369999999999e-06
0.10000000000000001,6.3886930000000004e-06
0.20000000000000001,6.3758300000000004e-06
0.29999999999999999,6.360226e-06
0.40000000000000002,6.3411750000000003e-06
0.5,6.3191070000000002e-06
0.59999999999999998,6.2913859999999996e-06
0.69999999999999996,6.2571580000000001e-06
0.80000000000000004,6.213911e-06
0.90000000000000002,6.1561850000000002e-06
1,6.0748169999999997e-06
1.1000000000000001,5.9525680000000004e-06
1.2,5.746355e-06
1.3,5.2813980000000003e-06
1.3999999999999999,3.741581e-06
1.5,2.0679740000000001e-06
1.6000000000000001,8.9868309999999997e-07
1.7,2.708401e-07
1.8,4.3322439999999997e-08
1.8999999999999999,3.6161680000000001e-09
2,2.8576899999999998e-10
2.1000000000000001,3.130222e-11
2.2000000000000002,8.7686480000000007e-12
2.2999999999999998,6.9426139999999999e-12
2.3999999999999999,1.7179069999999999e-11
2.5,8.6259820000000007e-12
