0.20000000000000001,2.0627079999999999e-08
0.25,2.4290219999999998e-08
0.29999999999999999,2.438962e-08
0.34999999999999998,2.4586160000000001e-08
0.40000000000000002,2.4721500000000001e-08
0.45000000000000001,2.477187e-08
0.5,2.4906509999999999e-08
0.55000000000000004,2.4850510000000001e-08
0.59999999999999998,2.515142e-08
0.65000000000000002,2.5182150000000002e-08
0.69999999999999996,2.520304e-08
0.75,2.5394070000000001e-08
0.80000000000000004,2.5475529999999998e-08
0.84999999999999998,2.5457179999999999e-08
0.90000000000000002,2.5470849999999999e-08
0.94999999999999996,2.5474450000000002e-08
1,2.5553449999999998e-08
1.05,2.5534549999999999e-08
1.1000000000000001,2.5488110000000002e-08
1.1499999999999999,2.5677680000000001e-08
1.2,2.5747660000000001e-08
1.25,2.5951779999999999e-08
1.3,2.6053010000000002e-08
1.3500000000000001,2.6149749999999999e-08
1.3999999999999999,2.61158e-08
1.45,2.6080299999999999e-08
1.5,2.620705e-08
1.55,2.6243610000000001e-08
1.6000000000000001,2.631099e-08
1.6499999999999999,2.6391439999999999e-08
1.7,2.6516989999999999e-08
1.75,2.6564289999999999e-08
1.8,2.654918e-08
1.8500000000000001,2.678649e-08
1.8999999999999999,2.6714160000000002e-08
1.95,2.6810740000000001e-08
2,2.681326e-08
2.0499999999999998,2.690458e-08
2.1000000000000001,2.6945719999999999e-08
2.1499999999999999,2.7061450000000001e-08
2.2000000000000002,2.7087059999999999e-08
2.25,2.7220060000000001e-08
2.2999999999999998,2.7293219999999999e-08
2.3500000000000001,2.7187929999999999e-08
2.3999999999999999,2.7274649999999999e-08
2.4500000000000002,2.7357199999999999e-08
2.5,2.7727409999999999e-08
