0,1.608179e-11
0.10000000000000001,6.3634810000000002e-11
0.20000000000000001,7.5327850000000005e-10
0.29999999999999999,1.0774289999999999e-08
0.40000000000000002,1.04979e-07
0.5,4.2087240000000001e-07
0.59999999999999998,9.8090049999999991e-07
0.69999999999999996,1.791579e-06
0.80000000000000004,2.8648960000000002e-06
0.90000000000000002,4.1803639999999997e-06
1,5.7658559999999998e-06
1.1000000000000001,6.9932049999999997e-06
1.2,7.0069949999999996e-06
1.3,7.0094799999999998e-06
1.3999999999999999,7.0117790000000004e-06
1.5,7.0128939999999996e-06
1.6000000000000001,7.0139209999999998e-06
1.7,7.0144000000000001e-06
1.8,7.0145719999999998e-06
1.8999999999999999,7.015026e-06
2,7.0151309999999998e-06
2.1000000000000001,7.0151029999999998e-06
2.2000000000000002,7.0154380000000004e-06
2.2999999999999998,7.0154309999999996e-06
2.3999999999999999,7.0155970000000003e-06
2.5,7.0163220000000002e-06
