2,1.810545e-13,0.51103145454545451,1832
2.0499999999999998,4.0588620000000001e-13,0.53560254545454544,2092
2.1000000000000001,6.9258896666666666e-13,0.62105745454545447,2787
2.1499999999999999,9.7786708888888892e-12,0.74730290909090913,3461
2.2000000000000002,6.530291555555556e-11,0.88005436363636358,4312
2.25,4.1951989999999998e-10,1.0122000000000002,5253
2.2999999999999998,2.6032049999999998e-09,1.1426209090909092,6221
2.3500000000000001,1.6001680000000001e-08,1.2721981818181816,7162
2.3999999999999999,8.0892459999999995e-08,1.3930863636363635,7439
2.4199999999999999,1.519423e-07,1.4400490909090906,8339
2.4500000000000002,3.5617959999999998e-07,1.5094363636363637,8866
2.4700000000000002,5.976075e-07,1.5537981818181819,9175
2.5,1.1988780000000001e-06,1.6167381818181816,9612
2.52,1.794235e-06,1.6573181818181817,9933
2.5499999999999998,3.0459689999999999e-06,1.7166890909090908,10270
2.5699999999999998,4.123661e-06,1.7514881818181818,10600
2.6000000000000001,6.2460830000000004e-06,1.8049872727272727,10985
2.6200000000000001,7.9660430000000006e-06,1.8399972727272726,11228
2.6499999999999999,1.10019e-05,1.8901390909090907,11570
2.6699999999999999,1.3322949999999999e-05,1.9223054545454545,11825
2.7000000000000002,1.725858e-05,1.9697536363636365,12150
2.75,2.4715079999999999e-05,2.0447990909090907,12695
2.7999999999999998,3.3508340000000002e-05,2.1157890909090913,13206
2.8500000000000001,4.3199089999999997e-05,2.1823618181818181,13703
2.8999999999999999,5.3954340000000002e-05,2.2467572727272733,14170
2.9199999999999999,5.8477200000000003e-05,2.2720827272727275,14354
2.9500000000000002,6.5586360000000003e-05,2.3076090909090907,14627
2.9500000000000002,6.5573010000000005e-05,2.3076690909090911,14627
2.9700000000000002,7.0377999999999996e-05,2.3313936363636363,14803
3,7.7630689999999994e-05,2.3635899999999999,15067
3.02,8.2699020000000004e-05,2.3846509090909089,15244
3.0499999999999998,9.0150559999999994e-05,2.4133072727272729,15538
3.1000000000000001,0.0001026333,2.4509518181818177,16127
