2,1.5682810000000001e-11,0.47027081818181815,2105
2.0499999999999998,5.8350219999999999e-12,0.49323845454545451,2368
2.1000000000000001,1.707682e-12,0.5755765454545454,3163
2.1499999999999999,7.9752649999999997e-12,0.70390981818181819,3849
2.2000000000000002,6.4842179999999997e-11,0.83765990909090915,4828
2.25,4.2762890000000001e-10,0.9704112727272729,5911
2.2999999999999998,2.6908479999999998e-09,1.1003781818181819,6987
2.3500000000000001,1.5909359999999999e-08,1.2270172727272728,8032
2.3999999999999999,8.1763369999999995e-08,1.348330909090909,8361
2.4199999999999999,1.529565e-07,1.39578,9403
2.4500000000000002,3.5581989999999997e-07,1.4639563636363635,9969
2.4700000000000002,5.8946200000000004e-07,1.5066809090909088,10318
2.5,1.168073e-06,1.5682918181818186,10831
2.52,1.7455639999999999e-06,1.608358181818182,11192
2.5499999999999998,2.8910919999999999e-06,1.6626127272727269,11563
2.5699999999999998,3.9418190000000004e-06,1.6986527272727272,11883
2.6000000000000001,5.9837769999999998e-06,1.752211818181818,12328
2.6200000000000001,7.6515620000000008e-06,1.786528181818182,12601
2.6499999999999999,1.056382e-05,1.8360618181818182,12998
2.6699999999999999,1.281907e-05,1.8676581818181817,13278
2.7000000000000002,1.6608390000000001e-05,1.9141054545454546,13671
2.75,2.391277e-05,1.9878190909090909,14248
2.7999999999999998,3.2481799999999998e-05,2.0594454545454544,14826
2.8500000000000001,4.2032839999999998e-05,2.126259090909091,15392
2.8999999999999999,5.2504879999999998e-05,2.1916509090909089,15950
