2.1499999999999999,6e-11,0.86799999999999999,2999
2.1800000000000002,1.5e-10,0.94499999999999995,3375
2.2000000000000002,2.11e-10,0.999,3801
2.25,1.15e-09,1.1279999999999999,4597
2.2999999999999998,5.5999999999999997e-09,1.244,5017
2.3500000000000001,3.1e-08,1.367,5837
2.3999999999999999,1.3799999999999999e-07,1.476,6446
2.4500000000000002,5.6899999999999997e-07,1.591,7046
2.5,1.46e-06,1.6819999999999999,7573
2.5499999999999998,3.5149999999999998e-06,1.7849999999999999,8160
2.6000000000000001,6.3400000000000003e-06,1.8640000000000001,8629
2.6499999999999999,1.0710000000000001e-05,1.9419999999999999,9054
2.7000000000000002,1.626e-05,2.016,9460
2.75,2.2889999999999999e-05,2.085,9888
2.7999999999999998,3.129e-05,2.1579999999999999,10261
2.8500000000000001,3.9780000000000002e-05,2.2210000000000001,10611
2.8999999999999999,4.8940000000000002e-05,2.2810000000000001,10942
2.9500000000000002,5.7679999999999997e-05,2.331,11226
3,6.7749999999999993e-05,2.3820000000000001,11548
3.0499999999999998,7.9099999999999998e-05,2.4350000000000001,11995
3.1000000000000001,8.8410000000000002e-05,2.4750000000000001,12547
3.1299999999999999,9.4590000000000001e-05,2.5,13435
3.1400000000000001,9.7650000000000002e-05,2.512,14008
3.1499999999999999,9.8659999999999994e-05,2.516,14273
