2,1.2665050000000001e-13,0.47411512499999992,1247
2.0499999999999998,1.0815180000000001e-12,0.53438924999999993,1642
2.1000000000000001,8.7243849999999997e-12,0.65363500000000008,2092
2.1499999999999999,5.1442899999999999e-11,0.79392399999999996,2612
2.2000000000000002,3.2686759999999999e-10,0.91434599999999999,3370
2.25,2.2462139999999999e-09,1.0550949999999999,3995
2.2999999999999998,1.241916e-08,1.17934125,4646
2.3500000000000001,6.7574160000000005e-08,1.30623125,4903
2.3999999999999999,2.7574800000000002e-07,1.4092225,5845
2.4500000000000002,9.408745e-07,1.5177150000000001,6377
2.5,2.4207890000000001e-06,1.6263762500000001,6889
2.5499999999999998,5.0710619999999998e-06,1.7131112499999999,7351
2.6000000000000001,9.1888919999999992e-06,1.7900624999999999,7775
2.6499999999999999,1.455787e-05,1.8708749999999998,8165
2.7000000000000002,2.1075259999999999e-05,1.9617262500000001,8530
2.75,2.8731659999999999e-05,2.0247712500000001,8868
2.7999999999999998,3.7371779999999999e-05,2.0956312499999998,9235
2.8500000000000001,4.6842450000000001e-05,2.1485112500000003,9526
2.8999999999999999,5.6862260000000003e-05,2.2231500000000004,9820
2.9500000000000002,6.7490350000000003e-05,2.2817012500000002,10150
3,7.8556729999999995e-05,2.32794875,10437
3.0499999999999998,8.9595460000000004e-05,2.3644487500000002,10770
3.1000000000000001,0.000100447,2.39985625,11281
