2,5.2391925111111111e-13,0.49565909090909094,1582
2.0499999999999998,7.1702523333333315e-13,0.51590336363636358,1796
2.1000000000000001,8.6328686666666602e-13,0.59521518181818189,2511
2.1499999999999999,7.8912472222222224e-12,0.72112781818181826,2970
2.2000000000000002,6.0542901111111106e-11,0.85387927272727282,3680
2.25,4.0076260000000002e-10,0.98493609090909084,4477
2.2999999999999998,2.5210850000000001e-09,1.1142381818181819,5328
2.3500000000000001,1.5358689999999999e-08,1.242239090909091,6137
2.3999999999999999,8.0716270000000006e-08,1.3647927272727272,6397
2.4199999999999999,1.5179599999999999e-07,1.4131790909090909,7209
2.4500000000000002,3.5835939999999998e-07,1.4810209090909092,7635
2.4700000000000002,6.0477009999999997e-07,1.5260481818181817,7912
2.5,1.2059110000000001e-06,1.5903818181818181,8311
2.52,1.8135080000000001e-06,1.6310499999999999,8561
2.5499999999999998,3.0299699999999998e-06,1.6878790909090908,8865
2.5699999999999998,4.11945e-06,1.7257663636363636,9149
2.6000000000000001,6.2530320000000001e-06,1.7797209090909092,9491
2.6200000000000001,7.9647270000000007e-06,1.81473,9688
2.6499999999999999,1.09791e-05,1.865990909090909,10003
2.6699999999999999,1.3282269999999999e-05,1.8970081818181816,10222
2.7000000000000002,1.7157420000000001e-05,1.9460300000000001,10508
2.75,2.453444e-05,2.0186536363636365,10978
2.7999999999999998,3.3343970000000003e-05,2.0906418181818185,11432
2.8500000000000001,4.2980849999999997e-05,2.1593336363636366,11849
2.8999999999999999,5.3676379999999999e-05,2.222548181818182,12248
2.9199999999999999,5.8182600000000001e-05,2.2475727272727273,12401
2.9500000000000002,6.5213970000000001e-05,2.284158181818182,12645
2.9500000000000002,6.5196970000000004e-05,2.2842790909090911,12652
2.9700000000000002,7.0087290000000002e-05,2.308000909090909,12796
3,7.7360459999999996e-05,2.3421363636363641,13025
3.02,8.2268170000000004e-05,2.3639236363636367,13168
3.0499999999999998,8.9925509999999999e-05,2.3950609090909092,13387
3.1000000000000001,0.0001025188,2.437729090909091,13822
3.1200000000000001,0.0001075223,2.4517090909090911,14044
3.1499999999999999,0.00011488149999999999,2.4673209090909092,14522
