2,3.4770363333333339e-13,0.46524772727272717,1864
2.0499999999999998,6.5080770000000002e-13,0.46999863636363642,1901
2.1000000000000001,5.5929108222222212e-13,0.50313345454545455,2239
2.1499999999999999,3.5214931111111108e-12,0.60837827272727274,2936
2.2000000000000002,2.6976499999999999e-11,0.74070636363636377,3700
2.25,1.826306e-10,0.87406263636363635,4738
2.2999999999999998,1.145677e-09,1.0040289090909091,5785
2.3500000000000001,7.0282769999999999e-09,1.1373554545454545,6852
2.3999999999999999,3.8411610000000002e-08,1.2599409090909088,7658
2.4199999999999999,7.4910359999999996e-08,1.3112018181818181,8250
2.4500000000000002,1.886349e-07,1.3848563636363638,8824
2.4700000000000002,3.3102940000000001e-07,1.4284890909090906,9183
2.5,7.1739119999999995e-07,1.4984818181818182,9737
2.52,1.1337729999999999e-06,1.5392409090909089,10063
2.5499999999999998,2.0561640000000002e-06,1.600489090909091,10574
2.5699999999999998,2.8632890000000001e-06,1.637709090909091,10841
2.6000000000000001,4.5706300000000003e-06,1.6949918181818182,11319
2.6200000000000001,6.0220080000000003e-06,1.7317572727272725,11621
2.6499999999999999,8.6396760000000007e-06,1.7842281818181818,12020
2.6699999999999999,1.0684910000000001e-05,1.8178481818181818,12301
2.7000000000000002,1.417748e-05,1.8683518181818182,12675
2.75,2.108487e-05,1.945486363636364,13299
2.7999999999999998,2.9280540000000001e-05,2.0189872727272724,13883
2.8500000000000001,3.8498190000000003e-05,2.0862863636363636,14448
2.8999999999999999,4.8760880000000001e-05,2.1527699999999999,14969
2.9199999999999999,5.31354e-05,2.178790909090909,15194
2.9500000000000002,6.001635e-05,2.216342727272727,15499
2.9500000000000002,6.0015500000000002e-05,2.2185818181818182,15502
2.9700000000000002,6.4709690000000001e-05,2.2416118181818181,15707
3,7.1932610000000004e-05,2.2798909090909092,16004
3.02,7.6971269999999997e-05,2.3014654545454545,16190
