2,9.9790453566666675e-13,0.51345227272727267,1422
2.0499999999999998,1.034216811111111e-12,0.55372836363636369,1768
2.1000000000000001,3.7676452222222222e-12,0.65392009090909087,2321
2.1499999999999999,2.1371546666666667e-11,0.7872765454545454,2846
2.2000000000000002,1.3424729999999999e-10,0.91930172727272719,3580
2.25,8.4726620000000004e-10,1.0511754545454546,4329
2.2999999999999998,5.2303910000000001e-09,1.1794181818181819,5069
2.3500000000000001,2.9202950000000001e-08,1.3018809090909089,5771
2.3999999999999999,1.458064e-07,1.4252818181818181,6486
2.4199999999999999,2.6287999999999998e-07,1.4699463636363639,6740
2.4500000000000002,5.8265239999999996e-07,1.5382427272727275,7118
2.4700000000000002,9.3534559999999999e-07,1.5809999999999997,7362
2.5,1.7501120000000001e-06,1.6420663636363635,7728
2.52,2.4717110000000001e-06,1.6778954545454545,7941
2.5499999999999998,4.0349990000000001e-06,1.7355690909090908,8245
2.5699999999999998,5.298825e-06,1.7709445454545454,8457
2.6000000000000001,7.746711e-06,1.824261818181818,8773
2.6200000000000001,9.6375220000000007e-06,1.8572472727272731,8965
2.6499999999999999,1.2973360000000001e-05,1.9059045454545456,9231
2.6699999999999999,1.5471580000000001e-05,1.9371018181818178,9399
2.7000000000000002,1.9635140000000001e-05,1.9826736363636364,9663
2.75,2.7528430000000001e-05,2.0541209090909089,10086
2.7999999999999998,3.665731e-05,2.1248672727272724,10492
2.8500000000000001,4.6584530000000003e-05,2.1895027272727265,10873
2.8999999999999999,5.7645809999999997e-05,2.252414545454545,11229
2.9199999999999999,6.2206829999999997e-05,2.2761081818181821,11366
2.9500000000000002,6.9466020000000003e-05,2.3121790909090909,11604
2.9500000000000002,6.9458120000000006e-05,2.311481818181818,11604
2.9700000000000002,7.4291969999999997e-05,2.33433,11729
3,8.1593780000000003e-05,2.3666772727272729,11934
3.02,8.6715220000000001e-05,2.3861945454545452,12068
3.0499999999999998,9.4147740000000003e-05,2.4137909090909093,12304
3.1000000000000001,0.0001066035,2.4491972727272731,12838
3.1200000000000001,0.00011153109999999999,2.4596054545454549,13230
