2,2.1261199999999998e-12,0.50456712500000001,1348
2.0499999999999998,3.3111159999999998e-12,0.55194612500000007,1709
2.1000000000000001,7.8273330000000004e-12,0.65644912499999997,2190
2.1499999999999999,3.8585409999999999e-11,0.79850237499999999,2739
2.2000000000000002,2.3575610000000002e-10,0.93198700000000001,3565
2.25,1.368956e-09,1.0508962500000001,4274
2.2999999999999998,8.0415450000000007e-09,1.1906812499999999,5032
2.3500000000000001,4.766395e-08,1.32651875,5577
2.3999999999999999,2.091708e-07,1.4247637499999999,6548
2.4500000000000002,6.7779759999999997e-07,1.5328774999999999,7022
2.5,1.892566e-06,1.6336425000000001,7620
2.5499999999999998,4.0257009999999997e-06,1.72483125,7854
2.6000000000000001,7.5846659999999999e-06,1.8072799999999998,8574
2.6499999999999999,1.239034e-05,1.89175,9027
2.7000000000000002,1.8486810000000001e-05,1.9628612499999998,9444
2.75,2.5607110000000002e-05,2.0352312499999998,9851
2.7999999999999998,3.3877310000000002e-05,2.1007549999999999,10239
2.8500000000000001,4.3037390000000002e-05,2.1717412500000002,10603
2.8999999999999999,5.2782730000000001e-05,2.23688625,10946
2.9500000000000002,6.3283490000000004e-05,2.2929187500000001,11271
3,7.4168149999999996e-05,2.3517625,11578
3.0499999999999998,8.5181369999999995e-05,2.3997300000000004,11958
3.1000000000000001,9.6016929999999994e-05,2.4384999999999999,12472
