2.1499999999999999,8.8000000000000006e-11,0.81499999999999995,3453
2.1800000000000002,1.5e-10,0.89200000000000002,4104
2.2000000000000002,1.9799999999999999e-10,0.94599999999999995,4500
2.25,9.9800000000000007e-10,1.0760000000000001,5497
2.2999999999999998,6.9150000000000002e-09,1.22,6588
2.3500000000000001,3.2479999999999997e-08,1.333,7495
2.3999999999999999,1.5300000000000001e-07,1.452,8324
2.4500000000000002,5.8599999999999998e-07,1.5629999999999999,9148
2.5,1.6869999999999999e-06,1.6659999999999999,9916
2.5499999999999998,4.1500000000000001e-06,1.77,10294
2.6000000000000001,7.2350000000000002e-06,1.8440000000000001,11228
2.6499999999999999,1.19e-05,1.923,11806
2.7000000000000002,1.774e-05,1.9970000000000001,12343
2.75,2.529e-05,2.073,12859
2.7999999999999998,3.2360000000000002e-05,2.1339999999999999,13315
2.8500000000000001,4.0989999999999999e-05,2.1989999999999998,13808
2.8999999999999999,5.1010000000000001e-05,2.2650000000000001,14258
2.9500000000000002,6.0059999999999998e-05,2.3180000000000001,14652
3,7.0879999999999999e-05,2.375,15087
3.0499999999999998,8.1009999999999999e-05,2.423,15530
3.1000000000000001,9.1500000000000001e-05,2.468,16144
