2,1.174956e-12,-1.1019525000000001,1551
2.0499999999999998,8.3930259999999995e-13,-0.93138049999999994,1565
2.1000000000000001,3.6259480000000002e-13,-0.96758587500000004,1721
2.1499999999999999,1.864563e-12,-0.87484450000000002,2365
2.2000000000000002,1.524492e-11,-0.70242349999999998,2988
2.25,9.9738090000000005e-11,-0.67457550000000011,3734
2.2999999999999998,6.5466470000000004e-10,-0.47329849999999996,4533
2.3500000000000001,4.1377320000000002e-09,-0.37732237499999999,5331
2.3999999999999999,2.442324e-08,-0.23119450000000002,6100
2.4500000000000002,1.242523e-07,-0.069274175000000007,6821
2.5,5.1388639999999997e-07,0.0093130200000000017,7525
2.5499999999999998,1.5666820000000001e-06,0.093234424999999996,8140
2.6000000000000001,3.716442e-06,0.26040550000000001,8510
2.6499999999999999,7.1952530000000001e-06,0.2908155,9240
2.7000000000000002,1.204785e-05,0.40233249999999993,9702
2.75,1.8068649999999999e-05,0.5092295,10168
2.7999999999999998,2.5358740000000001e-05,0.593277375,10595
2.8500000000000001,3.3448799999999997e-05,0.47772749999999997,10974
2.8999999999999999,4.245249e-05,0.63288549999999999,11355
2.9500000000000002,5.240087e-05,0.71399250000000003,11722
3,6.2975969999999999e-05,0.68303687499999999,12095
3.0499999999999998,7.4221770000000006e-05,0.7884215,12418
3.1000000000000001,8.5705229999999996e-05,0.87738349999999998,12743
