2,1.0364968399999999e-13,0.4992903636363637,2415
2.0499999999999998,1.93486176e-13,0.56198945454545457,2562
2.1000000000000001,7.5192497777777785e-12,0.72064363636363638,3382
2.1499999999999999,6.4650213333333331e-11,0.86180745454545471,4402
2.2000000000000002,4.268559e-10,0.99319709090909103,5354
2.25,2.7020059999999998e-09,1.118020909090909,6295
2.2999999999999998,1.4744e-08,1.241662727272727,7210
2.3500000000000001,7.5537290000000003e-08,1.353353636363636,8039
2.3999999999999999,3.1535630000000001e-07,1.4755454545454543,8844
2.4199999999999999,5.3601240000000002e-07,1.520570909090909,9195
2.4500000000000002,1.0998259999999999e-06,1.5834818181818184,9612
2.4700000000000002,1.661281e-06,1.6252409090909092,9930
2.5,2.8081560000000001e-06,1.6823109090909092,10318
2.52,3.9195490000000002e-06,1.7235572727272725,10584
2.5499999999999998,6.0427090000000002e-06,1.77721,11007
2.5699999999999998,7.7204509999999993e-06,1.8118563636363638,11260
2.6000000000000001,1.0708280000000001e-05,1.8614836363636365,11611
2.6200000000000001,1.2957669999999999e-05,1.8940718181818179,11838
2.6499999999999999,1.6825729999999999e-05,1.9397354545454546,12164
2.6699999999999999,1.9676329999999999e-05,1.9699663636363638,12374
2.7000000000000002,2.406504e-05,2.0123900000000003,12673
2.75,3.2709809999999997e-05,2.0841981818181816,13176
2.7999999999999998,4.2391220000000003e-05,2.1511027272727272,13654
2.8500000000000001,5.2957500000000002e-05,2.2142545454545459,14143
2.8999999999999999,6.4337020000000006e-05,2.2769245454545453,14566
2.9500000000000002,7.6584050000000001e-05,2.3352981818181822,15015
2.9700000000000002,8.1506669999999995e-05,2.3569945454545453,15200
3,8.9325600000000004e-05,2.3900372727272727,15454
3.02,9.4425499999999999e-05,2.4089800000000001,15617
