2,4.3882909999999999e-13,0.48449318181818185,2096
2.0499999999999998,1.6674969999999999e-11,0.49045445454545455,2239
2.1000000000000001,1.8629899999999998e-11,0.56934272727272728,3046
2.1499999999999999,2.4947509999999999e-11,0.69449890909090917,3797
2.2000000000000002,5.5619940000000002e-11,0.82843045454545461,4742
2.25,3.688491e-10,0.96057663636363655,5812
2.2999999999999998,2.3346100000000001e-09,1.0917245454545454,6896
2.3500000000000001,1.459589e-08,1.2219327272727272,8000
2.3999999999999999,7.600179e-08,1.3454845454545454,8369
2.4500000000000002,3.3527340000000001e-07,1.4581445454545454,9976
2.5,1.106849e-06,1.5629354545454546,10776
2.5499999999999998,2.7555309999999999e-06,1.6575890909090909,11551
2.6000000000000001,5.7562909999999998e-06,1.7466754545454548,12284
2.6499999999999999,1.0260470000000001e-05,1.8308599999999999,12987
2.7000000000000002,1.6275660000000001e-05,1.9093836363636363,13613
2.75,2.353358e-05,1.9852172727272726,14225
2.7999999999999998,3.2013849999999998e-05,2.0554818181818182,14801
2.8500000000000001,4.1511509999999998e-05,2.122414545454546,15378
2.8999999999999999,5.1935219999999998e-05,2.1880218181818183,15913
