2,3.212264922222222e-13,0.49066618181818183,1887
2.0499999999999998,4.6448186666666669e-13,0.49992590909090906,1990
2.1000000000000001,5.2438550555555557e-13,0.55070245454545463,2618
2.1499999999999999,3.8786068888888891e-12,0.66275590909090909,3227
2.2000000000000002,2.7988014444444443e-11,0.79593090909090913,3878
2.25,1.7614969999999999e-10,0.92698781818181819,4880
2.2999999999999998,1.126496e-09,1.056741818181818,5828
2.3500000000000001,7.0255330000000004e-09,1.1861072727272726,6828
2.3999999999999999,3.9381250000000001e-08,1.3100518181818182,7564
2.4199999999999999,7.6045789999999997e-08,1.3602254545454548,8119
2.4500000000000002,1.9259429999999999e-07,1.4307581818181818,8660
2.4700000000000002,3.405915e-07,1.4765127272727272,8999
2.5,7.3393849999999998e-07,1.5427209090909089,9510
2.52,1.149716e-06,1.584360909090909,9799
2.5499999999999998,2.0797580000000001e-06,1.6437300000000001,10272
2.5699999999999998,2.8840720000000001e-06,1.6799518181818185,10495
2.6000000000000001,4.599317e-06,1.7357509090909091,10932
2.6200000000000001,6.031579e-06,1.7716409090909091,11183
2.6499999999999999,8.6310189999999995e-06,1.8224172727272725,11591
2.6699999999999999,1.0641320000000001e-05,1.8562200000000002,11844
2.7000000000000002,1.4139189999999999e-05,1.9040581818181819,12186
2.75,2.1004630000000001e-05,1.9804054545454546,12753
2.7999999999999998,2.9151339999999999e-05,2.0529390909090912,13311
2.8500000000000001,3.8273660000000003e-05,2.1206600000000004,13799
2.8999999999999999,4.8438910000000002e-05,2.1863254545454547,14311
2.9199999999999999,5.2814800000000001e-05,2.2126818181818182,14516
2.9500000000000002,5.9549249999999999e-05,2.2499327272727276,14793
2.9500000000000002,5.9553769999999997e-05,2.2498427272727275,14788
2.9700000000000002,6.4207439999999994e-05,2.2742318181818182,14976
3,7.1445809999999993e-05,2.3098181818181818,15229
3.02,7.6325250000000002e-05,2.3326954545454548,15419
3.0499999999999998,8.378212e-05,2.3653754545454544,15671
3.1000000000000001,9.6527960000000005e-05,2.4149718181818183,16077
3.1200000000000001,0.0001016902,2.4326745454545455,16243
