2,5.9447270000000003e-13,0.49263849999999998,1117
2.0499999999999998,1.284033e-12,0.55459262499999995,1495
2.1000000000000001,1.106365e-11,0.66900800000000005,1892
2.1499999999999999,6.4046870000000004e-11,0.80404699999999996,2468
2.2000000000000002,4.3320180000000002e-10,0.94589000000000001,3161
2.25,2.538145e-09,1.0673612499999998,3840
2.2999999999999998,1.4835619999999999e-08,1.1979900000000001,4512
2.3500000000000001,7.3762229999999996e-08,1.32542625,5056
2.3999999999999999,3.1192530000000001e-07,1.4283762500000001,5694
2.4500000000000002,9.5049760000000002e-07,1.5342199999999999,6182
2.5,2.4112619999999999e-06,1.6271325000000001,6666
2.5499999999999998,4.9314940000000004e-06,1.712145,7110
2.6000000000000001,8.7790190000000005e-06,1.7931287499999999,7522
2.6499999999999999,1.3918910000000001e-05,1.8717562500000002,7905
2.7000000000000002,2.0311959999999999e-05,1.9438325000000001,8264
2.75,2.7749789999999999e-05,2.0146500000000005,8621
2.7999999999999998,3.6220039999999998e-05,2.0764375000000004,8943
2.8500000000000001,4.5533710000000001e-05,2.14695875,9261
2.8999999999999999,5.5404369999999999e-05,2.21034,9556
2.9500000000000002,6.6068879999999999e-05,2.2669174999999999,9857
3,7.7173279999999994e-05,2.3241662499999998,10128
3.0499999999999998,8.835785e-05,2.3760837500000003,10413
3.1000000000000001,9.9580029999999994e-05,2.4229175000000001,10767
