2,1.0456723444444446e-12,0.4810434545454545,1409
2.0499999999999998,1.1115002888888888e-12,0.50128763636363638,1561
2.1000000000000001,1.9035146666666668e-12,0.5943980909090909,2118
2.1499999999999999,2.1280057777777778e-11,0.72566690909090914,2618
2.2000000000000002,1.2759230000000001e-10,0.86005227272727258,3393
2.25,8.1718700000000002e-10,0.99316690909090921,4194
2.2999999999999998,5.0094350000000001e-09,1.1240109090909089,4968
2.3500000000000001,2.8843650000000001e-08,1.2511045454545455,5695
2.3999999999999999,1.447797e-07,1.3777136363636364,6465
2.4199999999999999,2.5940219999999999e-07,1.4246772727272725,6737
2.4500000000000002,5.7754129999999997e-07,1.4934909090909088,7155
2.4700000000000002,9.2988239999999998e-07,1.5373645454545455,7420
2.5,1.7450509999999999e-06,1.5994909090909091,7771
2.52,2.4953710000000001e-06,1.637678181818182,7996
2.5499999999999998,4.0650610000000002e-06,1.6953245454545454,8371
2.5699999999999998,5.3590489999999997e-06,1.7318472727272727,8586
2.6000000000000001,7.8402369999999995e-06,1.7845618181818177,8856
2.6200000000000001,9.7892829999999998e-06,1.8184827272727275,9084
2.6499999999999999,1.3155370000000001e-05,1.8658699999999997,9352
2.6699999999999999,1.5671070000000001e-05,1.8988536363636364,9578
2.7000000000000002,1.9911659999999998e-05,1.9441845454545452,9822
2.75,2.7819569999999998e-05,2.0166263636363642,10268
2.7999999999999998,3.7090800000000001e-05,2.0877681818181819,10646
2.8500000000000001,4.7165520000000002e-05,2.1532218181818181,11035
2.8999999999999999,5.8351859999999997e-05,2.2152836363636363,11428
2.9199999999999999,6.2999939999999996e-05,2.2411272727272729,11557
2.9500000000000002,7.0224189999999997e-05,2.2765318181818182,11828
2.9500000000000002,7.0216219999999995e-05,2.2766827272727275,11809
2.9700000000000002,7.5242880000000003e-05,2.2999527272727276,11951
3,8.2808409999999999e-05,2.3343899999999995,12148
3.02,8.7852230000000001e-05,2.3563881818181822,12307
3.0499999999999998,9.5804900000000002e-05,2.3877690909090914,12492
3.1000000000000001,0.0001088908,2.4336118181818178,12853
3.1499999999999999,0.0001218038,2.468170909090909,13319
