2,2.4848519999999998e-12,0.19019525000000001,1398
2.0499999999999998,2.51024e-12,0.085001112500000003,1888
2.1000000000000001,7.163845e-12,0.15947362500000001,2370
2.1499999999999999,5.0701330000000002e-11,0.33139750000000001,2981
2.2000000000000002,3.065275e-10,0.29305812499999995,3719
2.25,1.909126e-09,0.65434787500000002,4477
2.2999999999999998,1.1213300000000001e-08,0.69172987500000005,5212
2.3500000000000001,6.274615e-08,0.76253912499999998,5580
2.3999999999999999,2.6226459999999998e-07,0.80899612500000007,6544
2.4500000000000002,8.8038189999999996e-07,1.0707949999999999,7134
2.5,2.3622270000000001e-06,1.0417387499999999,7679
2.5499999999999998,4.9998970000000003e-06,1.1398137500000001,8201
2.6000000000000001,9.4979590000000007e-06,1.4268399999999999,8722
2.6499999999999999,1.4895319999999999e-05,1.5491849999999998,9151
2.7000000000000002,2.1926360000000001e-05,1.5951824999999999,9577
2.75,3.0238209999999999e-05,1.3723075000000002,9981
2.7999999999999998,3.9725070000000001e-05,1.5269562500000002,10389
2.8500000000000001,5.0227160000000003e-05,1.5507674999999999,10755
2.8999999999999999,6.1343470000000004e-05,1.7063299999999999,11097
2.9500000000000002,7.3060579999999995e-05,1.7445437499999998,11484
3,8.4919849999999996e-05,1.8102337499999996,11943
3.0499999999999998,9.6605240000000004e-05,2.2103200000000003,12947
3.1000000000000001,0.00010793310000000001,1.9189662500000002,14812
3.1000000000000001,0.00010793310000000001,1.9189662500000002,15812
