2,1.4046570000000001e-10,0.48631487500000004,830
2.0499999999999998,1.4626880000000001e-10,0.50675837499999998,955
2.1000000000000001,1.555123e-10,0.61173524999999995,1212
2.1499999999999999,1.892266e-10,0.74973962500000013,1565
2.2000000000000002,3.8855099999999997e-10,0.86658962500000003,2115
2.25,1.5882699999999999e-09,1.0010000000000001,2459
2.2999999999999998,8.9455350000000002e-09,1.1335662500000001,2915
2.3500000000000001,4.5034340000000001e-08,1.2671000000000003,3207
2.3999999999999999,1.983973e-07,1.3757962499999998,3733
2.4500000000000002,6.8398940000000002e-07,1.4813187500000002,4100
2.5,1.8183020000000001e-06,1.5815287499999999,4434
2.5499999999999998,4.3441490000000001e-06,1.6747399999999997,4650
2.6000000000000001,7.5655160000000003e-06,1.7602962499999997,5118
2.6499999999999999,1.254538e-05,1.8389337499999998,5314
2.7000000000000002,1.8635150000000001e-05,1.9120924999999998,5560
2.75,2.6032050000000001e-05,2.0015624999999999,5796
2.7999999999999998,3.4427269999999999e-05,2.05708125,6020
2.8500000000000001,4.3682910000000002e-05,2.1186624999999997,6243
2.8999999999999999,5.3603380000000001e-05,2.1785275,6447
2.9500000000000002,6.4309690000000005e-05,2.24078,6638
3,7.5432679999999999e-05,2.2982212500000001,6821
3.0499999999999998,8.6818569999999994e-05,2.3503524999999996,7017
3.1000000000000001,9.8250839999999994e-05,2.3933312499999997,7206
