2,7.9701986666666656e-13,0.61622427272727276,1847
2.0499999999999998,8.2424603333333339e-12,0.70238390909090898,2349
2.1000000000000001,5.4569009999999996e-11,0.85103554545454541,2944
2.1499999999999999,2.7144330000000001e-10,0.95830036363636362,3575
2.2000000000000002,4.3445050000000004e-09,1.1745063636363637,4901
2.25,2.1616960000000001e-08,1.298699090909091,5400
2.2999999999999998,9.4007669999999998e-08,1.4084954545454544,5953
2.3500000000000001,3.1187650000000002e-07,1.4818763636363634,6547
2.3999999999999999,5.5780710000000001e-07,1.5466254545454545,6757
2.4199999999999999,7.525317e-07,1.6128081818181819,6934
2.4500000000000002,1.339351e-06,1.672067272727273,7253
2.4700000000000002,2.9793130000000002e-06,1.7175109090909091,7714
2.5,3.8466900000000001e-06,1.7597527272727269,7912
2.52,4.39513e-06,1.7840590909090908,8067
2.5499999999999998,5.5819930000000001e-06,1.7997036363636363,8147
2.5699999999999998,6.9307639999999996e-06,1.8282545454545458,8299
2.6000000000000001,8.8896789999999998e-06,1.8734845454545452,8534
2.6200000000000001,1.070885e-05,1.9030954545454548,8727
2.6499999999999999,1.411334e-05,1.960920909090909,8968
2.6699999999999999,1.702064e-05,1.9806845454545459,9173
2.7000000000000002,2.0093610000000001e-05,2.02061,9351
2.75,2.799623e-05,2.0975600000000005,9761
2.7999999999999998,3.59531e-05,2.162917272727273,10093
2.8500000000000001,4.4713150000000001e-05,2.2257109090909086,10419
2.8999999999999999,5.4214829999999997e-05,2.2861336363636364,10718
2.9199999999999999,5.8248110000000003e-05,2.3112945454545448,10834
2.9500000000000002,6.4364900000000004e-05,2.3477727272727269,11011
2.9500000000000002,6.4436829999999995e-05,2.348503636363636,11011
2.9700000000000002,6.8217400000000002e-05,2.3694845454545455,11129
3,7.4283019999999995e-05,2.3910800000000005,11332
3.02,7.8405330000000002e-05,2.4093200000000001,11464
3.0499999999999998,8.5023980000000003e-05,2.4414936363636368,11718
3.1000000000000001,9.5714420000000001e-05,2.4789154545454548,12366
3.1200000000000001,9.9946179999999994e-05,2.488920909090909,12805
