2.1499999999999999,4.9999999999999997e-12,0.58999999999999997,2495
2.1800000000000002,9.9999999999999994e-12,0.66000000000000003,2623
2.2000000000000002,3e-11,0.70799999999999996,2939
2.25,1.2999999999999999e-10,0.85399999999999998,3607
2.2999999999999998,4.0000000000000001e-10,0.97399999999999998,4228
2.3500000000000001,2.2699999999999998e-09,1.1000000000000001,4981
2.3999999999999999,1.323e-08,1.22,5777
2.4500000000000002,6.4000000000000004e-08,1.3340000000000001,6489
2.5,2.8099999999999999e-07,1.4419999999999999,7150
2.5499999999999998,9.6200000000000006e-07,1.554,7705
2.6000000000000001,2.2000000000000001e-06,1.6379999999999999,8303
2.6499999999999999,4.775e-06,1.732,8898
2.7000000000000002,8.7199999999999995e-06,1.8180000000000001,9352
2.75,1.412e-05,1.8939999999999999,9858
2.7999999999999998,2.2019999999999999e-05,1.972,10307
2.8500000000000001,2.9130000000000001e-05,2.044,10752
2.8999999999999999,3.8170000000000002e-05,2.1080000000000001,11136
2.9500000000000002,4.8449999999999999e-05,2.1739999999999999,11563
3,5.9719999999999997e-05,2.242,11946
3.0499999999999998,7.1600000000000006e-05,2.302,12323
3.1000000000000001,8.4029999999999993e-05,2.3639999999999999,12678
3.1299999999999999,9.1860000000000005e-05,2.3980000000000001,12867
3.1400000000000001,9.4480000000000003e-05,2.4100000000000001,12947
3.1499999999999999,9.7109999999999997e-05,2.4199999999999999,13050
