2.1000000000000001,7.8889209999999996e-14,0.52582099999999998,2773
2.1499999999999999,2.5768029999999998e-12,0.61738700000000002,3607
2.2000000000000002,1.985142e-11,0.74763700000000011,4246
2.25,1.2690920000000001e-10,0.87910600000000005,5271
2.2999999999999998,6.9814809999999999e-10,0.99973774999999998,6213
2.3500000000000001,4.9481009999999998e-09,1.1383025000000002,7365
2.3999999999999999,2.8555450000000001e-08,1.2638100000000001,8358
2.4500000000000002,1.498521e-07,1.3902787499999998,9367
2.5,5.9698029999999997e-07,1.5052812500000001,10321
2.5499999999999998,1.757743e-06,1.6086087499999997,11148
2.6000000000000001,4.0395229999999996e-06,1.7030737500000002,11560
2.6499999999999999,7.7047279999999992e-06,1.7921187500000002,12622
2.7000000000000002,1.270803e-05,1.8726812499999999,13242
2.75,1.8916790000000001e-05,1.9454724999999999,13833
2.7999999999999998,2.6278680000000002e-05,2.0168349999999999,14404
2.8500000000000001,3.4636489999999999e-05,2.0849187499999999,14943
2.8999999999999999,4.3753330000000002e-05,2.1477962499999999,15467
2.9500000000000002,5.3691659999999997e-05,2.2100875000000002,15953
