2.1000000000000001,2.9120000000000001e-12,0.60775310000000005,1875
2.1499999999999999,1.7909999999999999e-11,0.46454830000000003,2362
2.2000000000000002,7.0880000000000005e-11,0.86516630000000005,3006
2.25,4.5930000000000001e-10,1.0002336999999999,3452
2.2999999999999998,2.7729999999999998e-09,1.1270167,4449
2.3500000000000001,1.6009999999999999e-08,1.2512478,5169
2.3999999999999999,8.4789999999999994e-08,1.3872433,5412
2.4500000000000002,3.9999999999999998e-07,1.5018210999999999,6472
2.5,1.1000000000000001e-06,1.6111833,7045
2.5499999999999998,2.9000000000000002e-06,1.7130399999999999,7557
2.6000000000000001,5.9000000000000003e-06,1.8079422000000001,8065
2.6499999999999999,1.04e-05,1.8885322,8065
2.7000000000000002,1.6500000000000001e-05,1.7625244,8977
2.75,2.3799999999999999e-05,2.0431300000000001,9376
2.7999999999999998,3.2400000000000001e-05,2.0431300000000001,9573
2.8500000000000001,4.7800000000000003e-05,2.1875144,9774
2.8999999999999999,5.27e-05,2.2521289000000002,10465
2.9500000000000002,6.3999999999999997e-05,2.3189578000000002,10808
3,7.6000000000000004e-05,2.3765089000000001,11156
3.0499999999999998,8.8300000000000005e-05,2.25949,11548
3.1000000000000001,0.0001004,2.4666389,12265
3.1499999999999999,0.00011959999999999999,2.2426599999999999,12265
