2.1499999999999999,5.0000000000000002e-11,0.81999999999999995,2991
2.1800000000000002,1.2e-10,0.89700000000000002,3451
2.2000000000000002,2.0000000000000001e-10,0.95099999999999996,3743
2.25,1.2199999999999999e-09,1.0780000000000001,4575
2.2999999999999998,7.3e-09,1.206,5384
2.3500000000000001,3.8770000000000002e-08,1.329,6132
2.3999999999999999,1.97e-07,1.456,6914
2.4500000000000002,6.9400000000000005e-07,1.5620000000000001,7591
2.5,1.7349999999999999e-06,1.6519999999999999,8128
2.5499999999999998,4.2420000000000002e-06,1.7549999999999999,8767
2.6000000000000001,7.9999999999999996e-06,1.8420000000000001,9286
2.6499999999999999,1.326e-05,1.9239999999999999,9801
2.7000000000000002,1.9870000000000001e-05,2,10273
2.75,2.7860000000000001e-05,2.0739999999999998,10703
2.7999999999999998,3.6869999999999998e-05,2.1429999999999998,11136
2.8500000000000001,4.816e-05,2.2189999999999999,11589
2.8999999999999999,5.9299999999999998e-05,2.2839999999999998,11982
2.9500000000000002,6.9939999999999998e-05,2.3380000000000001,12313
3,8.2360000000000004e-05,2.3940000000000001,12673
3.0499999999999998,9.4749999999999999e-05,2.4449999999999998,13081
3.1000000000000001,0.0001083,2.5019999999999998,13892
3.1499999999999999,0.0001203,2.544,15712
