2.1499999999999999,1.05e-10,0.80200000000000005,2080
2.1800000000000002,1.7000000000000001e-10,0.89400000000000002,2451
2.2000000000000002,2.6500000000000002e-10,0.94699999999999995,2670
2.25,1.2400000000000001e-09,1.079,3286
2.2999999999999998,6.9100000000000003e-09,1.2090000000000001,3788
2.3500000000000001,3.1720000000000002e-08,1.3200000000000001,4301
2.3999999999999999,1.73e-07,1.4510000000000001,4902
2.4500000000000002,6.2500000000000005e-07,1.5609999999999999,5338
2.5,1.7549999999999999e-06,1.661,5752
2.5499999999999998,3.9249999999999997e-06,1.752,6138
2.6000000000000001,7.5989999999999996e-06,1.8420000000000001,6527
2.6499999999999999,1.2490000000000001e-05,1.921,6852
2.7000000000000002,1.772e-05,1.9850000000000001,7140
2.75,2.527e-05,2.0600000000000001,7434
2.7999999999999998,3.2169999999999999e-05,2.1179999999999999,7706
2.8500000000000001,4.1399999999999997e-05,2.1850000000000001,7967
2.8999999999999999,5.0609999999999998e-05,2.2450000000000001,8200
2.9500000000000002,6.0210000000000001e-05,2.2999999999999998,8445
3,6.9289999999999996e-05,2.3479999999999999,8654
3.0499999999999998,8.0619999999999997e-05,2.4020000000000001,8910
3.1000000000000001,9.1059999999999999e-05,2.4460000000000002,9175
3.1499999999999999,0.0001008,2.4849999999999999,9485
