0,2.2763500000000003
16,2.2665154545454547
32,2.2406136363636371
48,2.191742727272727
64,2.1274990909090907
80,2.0385654545454548
96,1.9317763636363636
112,1.806772727272727
128,1.6723881818181818
144,1.5072263636363636
160,1.3365890909090909
176,1.1646509090909092
192,0.99210772727272711
208,0.81907999999999992
224,0.64844281818181815
240,0.49814045454545464
242,0.48301045454545455
244,0.46890918181818186
246,0.45638145454545448
248,0.44482209090909097
250,0.43429154545454551
252,0.42385190909090903
254,0.41456190909090912
