0,2.2953536363636364
16,2.2839763636363637
32,2.2546836363636364
48,2.1915618181818179
64,2.1292236363636365
80,2.041652727272727
96,1.9361336363636368
112,1.8117345454545457
128,1.67971
144,1.5161236363636363
160,1.3448809090909088
176,1.1733963636363638
192,0.9984626363636363
208,0.82703845454545466
224,0.65449481818181821
240,0.50476745454545457
242,0.49063600000000007
244,0.4767466363636364
246,0.46415836363636359
248,0.45281090909090904
250,0.44218936363636357
252,0.432143
254,0.42248999999999998
