0,2.3101499999999997
16,2.2976227272727274
32,2.2706918181818181
48,2.2207909090909088
64,2.1577909090909091
80,2.0705809090909089
96,1.9642772727272728
112,1.8392709090909092
128,1.7074590909090908
144,1.5399981818181816
160,1.3657609090909091
176,1.1891327272727272
192,1.0095072727272727
208,0.83345363636363634
224,0.65806563636363624
240,0.50516081818181824
242,0.49063599999999996
244,0.47686763636363633
246,0.46403727272727263
248,0.45287136363636366
250,0.44179600000000002
252,0.43162863636363641
254,0.42224799999999996
