0,2.276228181818182
16,2.254471818181818
32,2.215739090909091
48,2.1560963636363639
64,2.0848027272727276
80,1.9863672727272728
96,1.8680499999999995
112,1.7331481818181815
128,1.5884454545454547
144,1.4251309090909092
160,1.2602727272727272
176,1.0925427272727273
192,0.92520245454545436
208,0.75804518181818181
224,0.5930062727272728
240,0.45051109090909097
242,0.43616772727272723
244,0.42330709090909091
246,0.41174772727272729
248,0.40021854545454544
250,0.39047472727272725
252,0.38051927272727276
254,0.37101754545454546
