0,2.2094887000000001
5,2.2064650000000001
10,2.2312061999999999
15,2.2397800000000001
20,2.1858137000000002
25,2.1516362999999998
30,2.1959225
35,2.2581112999999999
40,2.1266275000000001
45,2.1595175000000002
50,2.1749787999999999
55,2.1924275
60,2.1625549999999998
65,2.1320790999999999
70,2.1793225000000001
75,2.1239663000000002
80,2.2554487999999999
85,2.0431237000000002
90,2.1267125
95,2.2177924999999998
100,2.1960312000000002
105,1.9831262999999999
110,1.9755537000000001
115,2.1250887999999999
120,2.0772425000000001
125,1.8236836999999999
130,2.0583524999999998
135,2.1009150000000001
140,2.0562724999999999
145,2.0283513000000002
150,1.8328787
155,1.9272450000000001
160,1.6791813
165,1.84761
170,1.5744963000000001
175,1.5723738
180,1.4440563
185,1.3623375
190,1.4925287
195,1.4373549999999999
200,1.1703188
205,1.0751599999999999
210,1.27596
215,1.1005
220,0.80404450000000005
225,0.93693970000000004
230,0.81881510000000002
235,0.60524259999999996
240,0.45458100000000001
245,0.41222409999999998
250,0.353599
255,0.50966990000000001
