0,2.2776125
16,2.2833799999999997
32,2.29036375
48,2.2889425000000001
64,2.2703799999999998
80,2.2542837499999999
96,2.2228037499999997
112,2.1263124999999996
128,2.1294487499999999
144,2.0193712499999998
160,1.8902287500000001
176,1.7011375000000002
192,1.4815687499999999
208,1.2033850000000001
224,0.91968449999999979
240,0.67666124999999999
242,0.61257125000000001
244,0.6204312500000001
246,0.59250449999999999
248,0.52327199999999996
250,0.50746912499999997
252,0.49434162500000001
254,0.49308762499999992
