0,2.3168372727272728
16,2.3029490909090904
32,2.27054
48,2.2136809090909093
64,2.1410881818181822
80,2.0437709090909091
96,1.9278736363636364
112,1.7947600000000001
128,1.6515690909090908
144,1.4872854545454544
160,1.3196436363636364
176,1.1511854545454545
192,0.98000372727272733
208,0.8106677272727274
224,0.64293545454545464
240,0.49696027272727272
242,0.48279863636363646
244,0.46981709090909085
246,0.45765245454545467
248,0.4458207272727272
250,0.43525981818181819
252,0.42497136363636367
254,0.41583281818181822
