0,2.351110909090909
16,2.3490809090909091
32,2.3459327272727277
48,2.3394836363636369
64,2.3317654545454549
80,2.3083918181818182
96,2.256562727272728
112,2.1703081818181813
128,2.1785745454545458
144,2.0613490909090912
160,1.9188445454545457
176,1.7268418181818184
192,1.5057436363636363
208,1.2312409090909091
224,0.95358954545454544
240,0.68005545454545457
242,0.64911372727272731
244,0.61998936363636359
246,0.59392254545454548
248,0.57042990909090907
250,0.54902509090909102
252,0.53107236363636356
254,0.51502681818181817
