0,2.2820990909090906
16,2.2721745454545457
32,2.2456372727272726
48,2.1941027272727269
64,2.1269554545454543
80,2.0324527272727271
96,1.9197936363636365
112,1.7900981818181818
128,1.6480272727272727
144,1.4848036363636368
160,1.3163454545454545
176,1.1479481818181818
192,0.97603963636363644
208,0.80770218181818187
224,0.64054490909090911
240,0.49450927272727263
242,0.48068036363636363
244,0.46778945454545456
246,0.45523163636363628
248,0.44388399999999995
250,0.43323245454545456
252,0.42360972727272728
254,0.41431990909090916
