0,2.2771127272727267
16,2.2497427272727273
32,2.1996754545454542
48,2.1292636363636359
64,2.0446463636363634
80,1.9359281818181819
96,1.8105309090909087
112,1.6718463636363636
128,1.5228372727272728
144,1.3689363636363636
160,1.2125663636363635
176,1.0577218181818182
192,0.90009554545454551
208,0.74439536363636372
224,0.59132209090909094
240,0.45963163636363635
242,0.44829899999999995
244,0.43714918181818185
246,0.426335090909091
248,0.41659072727272728
250,0.40773190909090912
252,0.39875054545454541
254,0.39221381818181816
