0,2.2939927272727276
16,2.2617045454545459
32,2.2118045454545454
48,2.1434790909090911
64,2.0632590909090909
80,1.9617354545454546
96,1.8436300000000001
112,1.711302727272727
128,1.5694727272727271
144,1.4150845454545455
160,1.2579727272727272
176,1.1004390909090909
192,0.94090754545454547
208,0.7828586363636364
224,0.62738172727272723
240,0.49581045454545447
242,0.48288936363636364
244,0.47087609090909088
246,0.45958899999999991
248,0.44920972727272729
250,0.43934490909090917
252,0.42993400000000004
254,0.42106781818181815
