0,2.22377
16,2.2137937500000002
32,2.1984512499999997
48,2.1654200000000001
64,2.1176325
80,2.0635162500000002
96,1.9561650000000002
112,1.8713662500000001
128,1.7758762499999998
144,1.6245925000000001
160,1.4282062500000001
176,1.2378149999999999
192,1.0414287499999999
208,0.87057212500000003
224,0.66538350000000002
240,0.49163300000000004
242,0.47532700000000006
244,0.46254200000000001
246,0.43068412500000003
248,0.41198887499999998
250,0.40918025000000002
252,0.39216162500000001
254,0.39195212499999998
