0,2.2918736363636363
16,2.2749281818181815
32,2.2373154545454548
48,2.1762190909090906
64,2.1001754545454543
80,1.9989254545454544
96,1.8800336363636367
112,1.7436490909090911
128,1.5976136363636362
144,1.4375372727272724
160,1.275888181818182
176,1.1124518181818184
192,0.94868445454545458
208,0.78576354545454552
224,0.62356890909090901
240,0.48567327272727268
242,0.47123918181818181
244,0.45877190909090915
246,0.44748490909090921
248,0.43746881818181826
250,0.4273316363636363
252,0.41655909090909088
254,0.40857036363636362
